OUT	RH_3h_4	RH_3h_3	RH_3h_2	RH_3h_5	RH_3h_1	RH_3h_6
ASV5	0.106693574	0.152138589	0.203690114	0.149543977	0.186995492	0.63830066
ASV1	0.099460111	0.026942027	0.063319006	0.188699025	0.055928294	0.065861201
ASV104	0.021412098	0.157563686	0.06966139	0.01454555	0.054591676	0.017873991
ASV33	0.016982912	0.079594297	0.02413775	0.022696299	0.013418597	0.012973058
ASV310	0.012789601	0.07912255	0.039390921	0.003144984	0.011872314	0.006368592
ASV30	0.032734039	0.016747038	0.014991089	0.009356327	0.01425726	0.009723241
ASV477	0.006237551	0.009461159	0.009723241	0.009356327	0.052757102	0.005294056
ASV482	0.006421008	0.041146871	0.02864556	0.001755949	0.008491456	0.002384946
ASV11	0.010588112	0.009356327	0.008176958	0.024635706	0.009670825	0.025212286
ASV12	0.020416186	0.006263759	0.023587378	0.016694622	0.006054094	0.007390712
ASV3	0.011557815	0.007941084	0.014466925	0.023010798	0.016091834	0.004534018
ASV45	0.020783101	0.003538107	0.007338295	0.006918964	0.010850194	0.014204843
ASV1524	0	0	0.024452249	0	0.035616941	0
ASV50	0.010221197	0.014912465	0.009697033	0.008019709	0.007731418	0.005346472
ASV123	0.003223608	0.005398889	0.020678268	0.006971381	0.015226963	0.002018031
ASV9	0.006158927	0.002149072	0.004848517	0.022905965	0.01294685	0.003118776
ASV476	0.003590523	0.013471014	0.018581612	0.002882902	0.009985323	0.002961526
ASV7	0.011688856	0.00364294	0.004717476	0.013497222	0.010719153	0.005163015
ASV478	0.010404655	0	0.008701122	0.008517664	0.006211343	0.013261348
ASV22	0.005739595	0.003983646	0.005975469	0.012344061	0.007600377	0.008622497
ASV16	0	0.030558759	0	0	0.009565992	0
ASV491	0.002699444	0.014493133	0.011321942	0.001441451	0.007783835	0.001624908
ASV179	0.002594612	0.013287556	0.006918964	0.001913198	0.012737184	0.001205577
ASV42	0.006263759	0.011846105	0.006289968	0.006604466	0.005267848	0.002358738
ASV15	0.008570081	0.001782157	0.001939407	0.009330118	0.010850194	0.004036062
ASV14	0.009199077	0.004140895	0.006447217	0.005608554	0.002935318	0.007574169
ASV1525	0.002751861	0.020023063	0.006761715	0	0.003826397	0.002018031
ASV4	0.003957438	0.003616731	0.008989412	0.007469336	0.006814131	0.003590523
ASV17	0.005163015	0.002044239	0.002253905	0.008596289	0.006552049	0.004036062
ASV6	0.003564315	0.000917287	0.009644617	0.008596289	0.002699444	0.002515987
ASV498	0.002227697	0.002804277	0.005398889	0.001362826	0.012579935	0.000917287
ASV23	0.007076213	0.007312087	0.002725653	0.002699444	0.003669148	0.001520075
ASV20	0.005949261	0.001153161	0.002594612	0.00581822	0.006185135	0.003171192
ASV557	0.001231785	0.007888668	0.008701122	0.000628997	0.005320264	0.001100744
ASV94	0.000681413	0.002987735	0	0.019892022	0.000969703	0
ASV72	0.002568403	0.001074536	0.005346472	0.007836251	0.002935318	0.002437362
ASV27	0.001467659	0.001782157	0.004429185	0.005556138	0.006421008	0.002489779
ASV494	0.002961526	0.001572492	0.003066359	0.000707621	0.011898522	0.0015987
ASV26	0.004114687	0.001074536	0	0.007154838	0.004193312	0.004979558
ASV32	0.003302233	0.00073383	0.008124541	0.002201489	0.002987735	0.003223608
ASV28	0.002987735	0.001257994	0.003669148	0.006578258	0.004376769	0.000995912
ASV2	0.00421952	0.001048328	0.004140895	0.00348569	0.005189223	0.000917287
ASV18	0.003223608	0.001205577	0.005189223	0.002830485	0.002804277	0.002594612
ASV34	0.003747772	0.001362826	0.005320264	0.001939407	0.002935318	0.002411154
ASV53	0	0.011243317	0.003773981	0	0.001572492	0
ASV36	0.005687179	0	0.000314498	0.003983646	0.005267848	0.000838662
ASV550	0.002306321	0.000131041	0.005031974	0.003171192	0.003826397	0.000864871
ASV8	0	0.003590523	0.004822308	0	0.005189223	0.001520075
ASV31	0	0.005634763	0.002201489	0.003407066	0.002882902	0.000838662
ASV1776	0	0	0	0.014938673	0	0
ASV83	0.000969703	0.006001677	0.002594612	0.000943495	0.003223608	0.000602789
ASV38	0.003354649	0.000943495	0.001965615	0.003066359	0.004009854	0.000917287
ASV81	0.001939407	0.005136807	0.001336618	0.001179369	0.002096656	0.001729741
ASV10	0.001651116	0	0.004429185	0.003013943	0.004114687	0
ASV486	0.00073383	0.008648705	0.001179369	0	0.001965615	0.000366915
ASV518	0.004036062	0.000628997	0.001100744	0.004769892	0.001913198	0
ASV545	0.000995912	0.000209666	0.001965615	0.000419331	0.000393123	0.008255582
ASV35	0.004271936	0.000655205	0.001074536	0.002751861	0.002253905	0.001100744
ASV536	0.002044239	0.003511899	0.00188699	0.001493867	0.00217528	0.000864871
ASV25	0.001048328	0.001284202	0.002227697	0.003407066	0.002096656	0.001362826
ASV2479	0.000550372	0.007888668	0.000891079	0.000262082	0.000602789	0.000524164
ASV654	0.006001677	0.000655205	0.000445539	0.002384946	0.001100744	0
ASV102	0.004036062	0.001755949	0.00348569	0.00073383	0	0.000340707
ASV61	0.000497956	0.000471748	0	0.008779746	0.000471748	0
ASV8999	0.009932907	0	0	0	0	0
ASV8143	0.004665059	0.000471748	0.001205577	0.001126953	0.002149072	0
ASV5093	0	0.005346472	0.001231785	0.00028829	0.002358738	0.000366915
ASV487	0.000864871	0.002411154	0.001179369	0.001231785	0.0031974	0.000628997
ASV13	0	0	0.00290911	0.002568403	0.003066359	0.000891079
ASV1209	0	0	0	0.000602789	0	0.008570081
ASV29	0.001624908	0.000917287	0.000681413	0.002306321	0.00262082	0.000917287
ASV490	0.000812454	0.001703533	0.003616731	0.001991823	0	0.000786246
ASV46	0.003040151	0.001100744	0	0.001415243	0.002515987	0.000393123
ASV1195	0	0	0.002384946	0.003380858	0.002280113	0
ASV39	0.0015987	0.000995912	0.000891079	0.001677325	0.002018031	0.000707621
ASV501	0.000314498	0.001546284	0.001415243	0.003092567	0.00102212	0.000471748
ASV1530	0.002830485	0	0.003013943	0.001048328	0	0.000891079
ASV73	0.002542195	0.00057658	0.002149072	0.000340707	0.001520075	0.000655205
ASV21	0.001257994	0.000262082	0.001205577	0.002568403	0.000943495	0.001415243
ASV175	0.003013943	0.00131041	0.002253905	0.000524164	0	0.000262082
ASV8144	0.003092567	0.000314498	0.000812454	0.001126953	0.001965615	0
ASV321	0.000340707	0.001546284	0.002384946	0.001100744	0.00131041	0.000602789
ASV1778	0.002804277	0.001415243	0.001913198	0.000995912	0	0
ASV1570	0.000366915	0.005425097	0.000655205	0.000419331	0	0.000131041
ASV649	0.000760038	0.002358738	0.002122864	0.000340707	0.00131041	0
ASV539	0.002411154	0.000524164	0.000891079	0.001100744	0.001389034	0
ASV533	0	0.00073383	0.004534018	0.000471748	0	0.000524164
ASV599	0.000943495	0.001126953	0.001782157	0.000157249	0.0015987	0.000655205
ASV695	0.000235874	0	0.000497956	0	0.004324353	0.001153161
ASV92	0.000943495	0.000340707	0.001074536	0.001257994	0.001991823	0.000471748
ASV1252	0.001336618	0.001467659	0.001703533	0.000838662	0	0.00073383
ASV70	0.000340707	0	0.001074536	0.003328441	0.000995912	0.000131041
ASV1217	0.000917287	0.003407066	0.000655205	0	0.000602789	0.000209666
ASV1583	0.000655205	0.001913198	0.002358738	0.000471748	0	0.000366915
ASV65	0.002463571	0.000445539	0.000209666	0.00102212	0.001362826	0.000209666
ASV514	0.002411154	0.000786246	0.000497956	0.001231785	0.00073383	0
ASV481	0	0.001991823	0.001153161	0.000891079	0.000760038	0.000838662
ASV535	0.003302233	0.00028829	0.000497956	0.00102212	0.000471748	0
ASV135	0.000183457	0.000445539	0.001493867	0.000969703	0.001834574	0.000628997
ASV9000	0.003433274	0.000628997	0	0.001467659	0	0
ASV548	0.000891079	0.001231785	0.00073383	0.001179369	0.001284202	0.000183457
ASV1350	0.001651116	0	0.001048328	0.000340707	0.002411154	0
ASV2482	0.00348569	0.000471748	0	0.000995912	0.000471748	0
ASV598	0	0.00348569	0.000838662	0.001074536	0	0
ASV44	0.001153161	0	0.001467659	0.001939407	0	0.000812454
ASV4327	0.005320264	0	0	0	0	0
ASV528	0	5.24E-05	0.000340707	0.001257994	0.003511899	5.24E-05
ASV643	0.001808366	0.000891079	0.001729741	0.000471748	0	0.000314498
ASV9001	0.003354649	0.000104833	0	0.001755949	0	0
ASV1223	0	0.005163015	0	0	0	0
ASV814	0.000524164	0	0.003328441	0.000262082	0.000628997	0.000393123
ASV507	0.002647028	0	0	0.000681413	0.001703533	0
ASV1172	0.001284202	0	0.002149072	0	0.001572492	0
ASV587	0.002751861	0.000366915	0.000131041	0.000891079	0.000786246	0
ASV631	0.001624908	0	0.000314498	0.002280113	0.000655205	0
ASV513	0.002411154	0.000314498	0.000393123	0.001179369	0.000550372	0
ASV2623	0.000681413	0.003905021	0.000235874	0	0	0
ASV3991	0	0	0.0047961	0	0	0
ASV713	0.002070448	0.000157249	0.000183457	0.001572492	0.000812454	0
ASV7477	0.00057658	0.002122864	0.000891079	0.000366915	0.000445539	0.000366915
ASV7887	0	0.001153161	0.003616731	0	0	0
ASV1260	0	0	0.004717476	0	0	0
ASV215	0.001493867	0.000864871	0.001336618	0.00073383	0	0.000183457
ASV77	0.00102212	0.000524164	0.001939407	0.000340707	0	0.000681413
ASV484	0	0	0	0.00450781	0	0
ASV509	0	0.000131041	0	0.004324353	0	0
ASV75	0.002594612	0	0	0.001362826	0.000471748	0
ASV993	0.001651116	0	0.000262082	0.002122864	0.000366915	0
ASV544	0.002201489	0.000366915	0.000445539	0.000681413	0.000707621	0
ASV524	0.002594612	0.000550372	0	0.000393123	0.00073383	0
ASV2582	0.002149072	0.000550372	0.000471748	0.000419331	0.000628997	0
ASV549	0.002542195	0	0.000366915	0.000681413	0.000602789	0
ASV1779	0.002227697	0	0.001939407	0	0	0
ASV2450	0.002227697	0.000628997	0	0.001231785	0	0
ASV1527	0	0	0	0.001546284	0.002542195	0
ASV9002	0.002384946	0	0	0.001677325	0	0
ASV2481	0.00233253	0.00028829	5.24E-05	0.000969703	0.000419331	0
ASV122	0	0.001074536	0	0.001231785	0.001362826	0.000366915
ASV483	0.000681413	0.000445539	0.000812454	0	0.000995912	0.001074536
ASV1541	0	0	0	0	0	0.00393123
ASV521	0.0015987	0.000497956	0	0.000628997	0.000838662	0.00028829
ASV2499	0	0	0.003695356	0	0.000104833	0
ASV1826	0.001153161	0	0.000969703	0.000760038	0.000917287	0
ASV636	0.001467659	0.000235874	0.000760038	0.00028829	0.001048328	0
ASV6155	0	0	0.003747772	0	0	0
ASV6475	0	0	0.002594612	0.000340707	0.000760038	0
ASV95	0.000497956	0.000655205	0.000917287	0.000209666	0.001074536	0.000314498
ASV8512	0.002751861	0.000497956	0.000393123	0	0	0
ASV111	0	0.000602789	0.00102212	0.001257994	0.000602789	0.000104833
ASV810	0.001703533	0.000131041	0.000366915	5.24E-05	0.001179369	0.000157249
ASV76	0.000550372	0.00102212	0.000340707	0.000995912	0.000655205	0
ASV224	0	0.000681413	0.000655205	0	0.001231785	0.000995912
ASV9003	0.002411154	0.000891079	0	0	0	0.000183457
ASV506	0	0	0.001703533	0	0.001782157	0
ASV492	0	0	0	0.003459482	0	0
ASV540	0	0	0.001257994	0.000314498	0.001572492	0.00028829
ASV134	0.000471748	0.002227697	0.000524164	0	0	0.000209666
ASV5571	0	0	0	0	0.003380858	0
ASV593	0.001493867	0.000209666	0.000366915	0.000393123	0.000917287	0
ASV60	0.001205577	0	0	0.000838662	0.000995912	0.000340707
ASV523	0.000497956	0.001284202	0.001336618	0	0	0.000262082
ASV89	0	0.00028829	0.00057658	0.000471748	0.001624908	0.000366915
ASV588	0.000838662	0.000393123	0.001179369	0	0.000891079	0
ASV2445	0.002253905	0	0	0.00102212	0	0
ASV8192	0.001467659	0.000314498	0.000183457	0.000838662	0.000445539	0
ASV601	0.001389034	0.000340707	0	0.000995912	0	0.000497956
ASV560	0.001389034	0	0.000812454	0.000969703	0	0
ASV85	0.000969703	0	0	0.001153161	0.000864871	0.000131041
ASV113	0.000969703	0	0.000602789	0.000340707	0.000419331	0.000786246
ASV1782	0.001257994	0.000471748	0.00057658	0.000497956	0	0.00028829
ASV597	0	0	0.000917287	0.00102212	0	0.001126953
ASV67	0	0	0.00028829	0	0.002778069	0
ASV496	0.000864871	0.000262082	0.000262082	0.000681413	0.000995912	0
ASV606	0.000602789	0.000760038	0	0.000812454	0.000602789	0.00028829
ASV8491	0	0.000183457	0.000681413	0	0	0.00217528
ASV415	0.001362826	0.000524164	0.000812454	0.00028829	0	5.24E-05
ASV3604	0.001415243	0.000550372	0.001048328	0	0	0
ASV547	0	0.000838662	0.000366915	0.000131041	0.001651116	0
ASV8195	0.001572492	0	0.000445539	0.000524164	0.000419331	0
ASV1790	0.000995912	0.000707621	0.000891079	0.000366915	0	0
ASV427	0.001074536	0.000655205	0.000655205	0.000550372	0	0
ASV8488	0.000445539	0	0.002463571	0	0	0
ASV632	0.001100744	0.000314498	0.000445539	0.000524164	0.000497956	2.62E-05
ASV1819	0.001048328	0.000786246	0.000786246	0	0	0.00028829
ASV2460	0.00102212	0.00028829	0.000707621	0.000864871	0	0
ASV573	0.001467659	0.000366915	0.000366915	0.000681413	0	0
ASV9721	0	0.002856694	0	0	0	0
ASV9004	0.002070448	0.000131041	0	0.000655205	0	0
ASV8165	0.001179369	0.000235874	0.000655205	0	0.000786246	0
ASV8175	0.001441451	0.00028829	0	0.000445539	0.000628997	0
ASV58	0	0	0	0	0.002306321	0.000497956
ASV1783	0.001389034	0	0.000969703	0.000419331	0	0
ASV8153	0.001074536	0	0	0.000707621	0.000969703	0
ASV379	0.000262082	0.000340707	0.000419331	0.000864871	0.000864871	0
ASV508	0	0	0	0	0.002751861	0
ASV567	0.000812454	0	0.000393123	0.000445539	0.001074536	0
ASV556	0.001284202	0	0.000366915	0.000393123	0.000655205	0
ASV8146	0.000419331	0	0.000655205	0	0.001572492	0
ASV661	0.001048328	0.000235874	0.000157249	0.000524164	0.000681413	0
ASV749	0.000235874	0.000550372	0.000340707	0	0.001362826	0.000157249
ASV82	0.000262082	5.24E-05	0	0.00233253	0	0
ASV676	0.001493867	0.000262082	0.000366915	0.000445539	0	0
ASV612	0.001100744	0.00028829	0.000314498	0.000393123	0.000471748	0
ASV787	0.000917287	0	0.000340707	0.000786246	0.000524164	0
ASV1540	0	0	0	0	0.001860782	0.000681413
ASV502	0.000838662	0	0	0.001074536	0.000628997	0
ASV627	0	0	0	0	0.002542195	0
ASV4535	0.001913198	0	0	0.000602789	0	0
ASV9722	0	0.002489779	0	0	0	0
ASV579	0.000995912	0	0	0.000602789	0.000891079	0
ASV8142	0	0	0	0	0.002489779	0
ASV109	0.000891079	0.00028829	0.000497956	0.000366915	0.000235874	0.000209666
ASV2605	0.001284202	0.000471748	0.00073383	0	0	0
ASV8208	0.001336618	0.000340707	0	0.000445539	0.000366915	0
ASV9005	0.001755949	0	0	0.000655205	0	5.24E-05
ASV1575	0	0.000471748	0.001153161	0	0.00057658	0.000262082
ASV1833	0.000707621	0	0.000524164	0.000760038	0.000471748	0
ASV824	0	0.000262082	0.000445539	0.00028829	0.001467659	0
ASV8489	0	0	0.002384946	0	0	0
ASV8151	0	0.001048328	0	0	0.001179369	0.000157249
ASV595	0.000393123	0.000314498	0	0.000497956	0.001153161	0
ASV2020	0.001126953	0.000497956	0.000707621	0	0	0
ASV417	0	0	0	2.62E-05	0.002227697	7.86E-05
ASV2466	0.001362826	0.000235874	0	0.00073383	0	0
ASV2513	0.001074536	0.000104833	0	0.001126953	0	0
ASV9006	0.001520075	0	0	0.000786246	0	0
ASV843	0.000550372	0.000340707	0.000340707	0.000366915	0.000681413	0
ASV1168	0	0.000471748	0.001179369	0.000602789	0	2.62E-05
ASV3838	0.000445539	0.001546284	0.00028829	0	0	0
ASV721	0	0.000314498	0	0.000183457	0.001755949	0
ASV8211	0.000838662	0	0	0.001048328	0.000366915	0
ASV881	0.000550372	0.000183457	0	2.62E-05	0.001362826	0.000131041
ASV19	0.00057658	0	0.000995912	0.000157249	0.000497956	0
ASV586	0.001467659	0	0	0.000760038	0	0
ASV8504	0.001126953	0	0.000497956	0.00057658	0	0
ASV338	0.000183457	0.000628997	0.000497956	0	0.000891079	0
ASV576	0	0	0.000524164	0.000602789	0.00073383	0.000340707
ASV678	0.001153161	0.000157249	0	0.000497956	0.000366915	0
ASV609	0	0.000419331	0.000262082	0.000891079	0.000524164	7.86E-05
ASV5568	0	0.000235874	0.000838662	0	0.000917287	0.000157249
ASV1264	0.000366915	5.24E-05	0.001651116	7.86E-05	0	0
ASV611	0	0.000157249	0.000602789	0.000497956	0.000628997	0.000235874
ASV596	0.001441451	0	0.000340707	0.000314498	0	0
ASV8217	0.000917287	0	0.00028829	0.000550372	0.000340707	0
ASV578	0.000445539	0	0	0.000891079	0.00073383	0
ASV5223	0	0	0.001834574	0	0	0.000235874
ASV8187	0	0	0.001572492	0	0.000471748	0
ASV634	0.000786246	0	0.000183457	0.000393123	0.000681413	0
ASV9030	0.000864871	0	0	0.001074536	0	0
ASV1777	0.001939407	0	0	0	0	0
ASV9024	0.000995912	0	0	0.000943495	0	0
ASV8185	0.000655205	0	0.000183457	0.000602789	0.000497956	0
ASV8150	0.000655205	0	0	0	0.001257994	0
ASV8157	0.000471748	0	0.000157249	0.000393123	0.000891079	0
ASV8145	0	0	0	0	0.001913198	0
ASV2505	0.001153161	0	0	0.00073383	0	0
ASV8519	0.000891079	0.000314498	0.000262082	0.000419331	0	0
ASV8188	0.000681413	0.000183457	0.00028829	0.000262082	0.000471748	0
ASV8172	0.000419331	0.000366915	0.000471748	0	0.000628997	0
ASV504	0	0	0	0	0.001860782	0
ASV630	0.001336618	0	0.000524164	0	0	0
ASV542	0	0	0	0.001624908	0	0.000209666
ASV9011	0.001389034	0.000445539	0	0	0	0
ASV40	0	0	0	0.001415243	0.000419331	0
ASV575	0.001205577	0.000262082	0	0	0.000340707	0
ASV1792	0.001074536	0	0.000707621	0	0	0
ASV52	0	0.000366915	0	0.000681413	0.000393123	0.000340707
ASV1830	0.000681413	0	0.000655205	0.000445539	0	0
ASV2552	0.000812454	0	0	0.000969703	0	0
ASV9023	0.000917287	0	0	0.000864871	0	0
ASV1780	0	0	0	0.001782157	0	0
ASV118	0.001782157	0	0	0	0	0
ASV1594	0.001362826	0	0.000419331	0	0	0
ASV8297	0.001362826	0	0	0.000262082	0.000157249	0
ASV8493	0	0.001126953	0.000628997	0	0	0
ASV103	0.000655205	0	0.000760038	0.000209666	0	0.000131041
ASV8497	0.000760038	0	0.000602789	0.000183457	0	0.000209666
ASV1781	0	0.000602789	0.001126953	0	0	0
ASV685	0.001257994	0.000104833	0.000366915	0	0	0
ASV2443	0	0	0	0	0.001729741	0
ASV8240	0.001126953	0	0.000131041	0.000209666	0.000235874	0
ASV1262	0.000812454	0.000550372	0	0	0.000131041	0.000209666
ASV48	0.000812454	0	0.000366915	0.000524164	0	0
ASV625	0.000681413	0.000104833	0.000235874	0.000471748	0.000183457	0
ASV8222	0.000786246	0.000157249	0.000104833	0.000314498	0.000314498	0
ASV9015	0.001126953	0	0	0.000524164	0	0
ASV140	0	0	0	0.001257994	0.000393123	0
ASV700	0	0.000131041	0.000262082	0.000419331	0.000838662	0
ASV589	0.000157249	0.000445539	0.000209666	0.000183457	0.000655205	0
ASV7507	0.000340707	0.000786246	0.000524164	0	0	0
ASV2447	0	0	0	0	0.001624908	0
ASV1301	0	0.000445539	0	0	0.00102212	0.000157249
ASV87	0.000445539	0	0	0.000655205	0.000393123	0.000104833
ASV7475	0.000393123	0	0.000497956	0.00028829	0.000209666	0.000209666
ASV493	0.0015987	0	0	0	0	0
ASV9009	0.001572492	0	0	0	0	0
ASV711	0.000760038	2.62E-05	0	0.000314498	0.000471748	0
ASV2507	0.000655205	0.000262082	0	0.000235874	0.000419331	0
ASV1308	0.000812454	0	0.000235874	0	0.000393123	0.000104833
ASV520	0	0.000891079	0	0.000655205	0	0
ASV59	0	0.000314498	0.000209666	0.000419331	0.000497956	0.000104833
ASV1495	0.000786246	0.000445539	0.000314498	0	0	0
ASV1529	0	0	0.000524164	0.000707621	0.000209666	0.000104833
ASV1899	0	0	0	0	0.001546284	0
ASV9007	0.001546284	0	0	0	0	0
ASV6911	0.000707621	0	0.000681413	0	0	0.000131041
ASV8155	0	0	0.000602789	0	0.000917287	0
ASV1550	0.000419331	0	0.000445539	0	0.000235874	0.000419331
ASV891	0.000681413	0	0.000157249	0	0.000655205	0
ASV107	0.000864871	0	0	0.000628997	0	0
ASV2523	0.000891079	0	0	0.00057658	0	0
ASV9044	0.000681413	0.000786246	0	0	0	0
ASV9018	0.001100744	0	0	0.000366915	0	0
ASV9010	0.001467659	0	0	0	0	0
ASV7193	0.001441451	0	0	0	0	0
ASV9013	0.001441451	0	0	0	0	0
ASV9019	0.001074536	0	0	0.000366915	0	0
ASV8147	0	0	0	0	0.001441451	0
ASV652	0.000891079	0.000419331	0	0.000131041	0	0
ASV473	0.000235874	0.000235874	0.000262082	0.000419331	0.000131041	0.000131041
ASV2154	0.000838662	0	0	0.00057658	0	0
ASV2024	0	0	0	0.000366915	0.000943495	0.000104833
ASV1532	0	0	0	0.001415243	0	0
ASV8148	0	0	0	0	0.001415243	0
ASV9008	0.001415243	0	0	0	0	0
ASV1178	0	0	0	0	0	0.001389034
ASV6963	0.000471748	0	0	0	0.000891079	0
ASV684	0.000655205	0	0.000366915	0	0.000340707	0
ASV813	0.000471748	0.000209666	0	0.00028829	0.000393123	0
ASV56	0	0.000419331	0.000340707	0.000602789	0	0
ASV603	0	7.86E-05	0.00028829	0.000340707	0.000655205	0
ASV516	0	0.001362826	0	0	0	0
ASV305	0.000419331	0.000655205	0	0.000262082	0	0
ASV717	0	0	0	0	0.001336618	0
ASV2455	0	0.000262082	0.000812454	0.000262082	0	0
ASV1820	0.000838662	0.000497956	0	0	0	0
ASV7909	0.001153161	0	0	0	0.000183457	0
ASV8197	0.000497956	0.000262082	0	0.000157249	0.000419331	0
ASV1759	0.001336618	0	0	0	0	0
ASV5281	0.000864871	0	0	0.00028829	0	0.000183457
ASV2536	0	0	0	0	0.001100744	0.000235874
ASV41	0	0	0	0.00131041	0	0
ASV4247	0	0.00131041	0	0	0	0
ASV8499	0.00073383	0	0.00057658	0	0	0
ASV8180	0.00073383	0	0	0	0.00057658	0
ASV84	0.00028829	0.000445539	0.00057658	0	0	0
ASV8507	0.000707621	0.000183457	0.000419331	0	0	0
ASV8509	0.000628997	0.000209666	0.000471748	0	0	0
ASV756	0.000760038	0.000209666	0	5.24E-05	0.00028829	0
ASV9051	0.00057658	0.000235874	0	0.000471748	0	0
ASV558	0.000995912	0	0	0.00028829	0	0
ASV424	0.000864871	0.000419331	0	0	0	0
ASV5691	0.000602789	0.000262082	0.000419331	0	0	0
ASV8541	0.000602789	0.000235874	0.00028829	0.000157249	0	0
ASV8149	0	0	0	0	0.001284202	0
ASV607	0	0	0	0.001257994	0	0
ASV51	0	0	0	0.001257994	0	0
ASV9012	0.001257994	0	0	0	0	0
ASV584	0.000812454	0	0	0.000445539	0	0
ASV512	0	0.000655205	0.000314498	0.000262082	0	0
ASV339	0.000681413	0.000157249	0	0.000393123	0	0
ASV5147	0.000314498	0.000681413	0	0	0.000235874	0
ASV8167	0.000497956	0	0	0	0.00073383	0
ASV254	0.000366915	0.000209666	0	0.000471748	0.000183457	0
ASV1678	0.000445539	0	0.000157249	0.000183457	0.000235874	0.000209666
ASV2751	0	0	0	0.001231785	0	0
ASV1878	0.001231785	0	0	0	0	0
ASV9014	0.001205577	0	0	0	0	0
ASV2522	0.00073383	0	0	0.000471748	0	0
ASV8179	0.000497956	0.000131041	0	0	0.00057658	0
ASV2761	0	0	0	0	0.000838662	0.000366915
ASV674	0.000104833	0.000104833	0.000157249	0.000393123	0.000366915	7.86E-05
ASV564	0.000707621	0	0	0.000471748	0	0
ASV2564	0.000471748	0.000366915	0.000340707	0	0	0
ASV5683	0	0	0.000471748	0.000707621	0	0
ASV8521	0.000602789	0.000262082	0.000314498	0	0	0
ASV8571	0	0.000969703	0.000209666	0	0	0
ASV1904	0	0	0.001179369	0	0	0
ASV9016	0.001179369	0	0	0	0	0
ASV9022	0.000917287	0	0	0.000235874	0	0
ASV2491	0.00073383	0	0	0.000419331	0	0
ASV9027	0.000812454	0	0	0.000340707	0	0
ASV9038	0.000812454	0	0	0.000340707	0	0
ASV9723	0	0.001126953	0	0	0	0
ASV7736	0.001126953	0	0	0	0	0
ASV9017	0.001126953	0	0	0	0	0
ASV1555	0	0.000419331	0	0.000681413	0	0
ASV9043	0.000707621	0.000393123	0	0	0	0
ASV8198	0.000366915	0	0.000340707	0	0.000393123	0
ASV9025	0.000943495	0.000157249	0	0	0	0
ASV686	0	0	0.000471748	0	0.000628997	0
ASV8152	0	0	0	0	0.001100744	0
ASV9021	0.001074536	0	0	0	0	0
ASV629	0	0.000655205	0	0.000419331	0	0
ASV7286	0.00073383	0	0	0.000340707	0	0
ASV8246	0.000838662	0	0	0	0.000235874	0
ASV848	0	0.000157249	0.00028829	0	0.000628997	0
ASV729	0	0	0	0.000550372	0.000497956	0
ASV675	0.000471748	0.000104833	7.86E-05	0	0.000393123	0
ASV1559	0	0	0.000209666	0.000602789	0	0.000235874
ASV5155	0	0.000864871	0.000183457	0	0	0
ASV8526	0.000366915	0.000366915	0.000314498	0	0	0
ASV2428	0	0	0.001048328	0	0	0
ASV1798	0	0	0	0.00102212	0	0
ASV732	0.000707621	0	0	0.000131041	0.000183457	0
ASV1829	0.000786246	0	0.000235874	0	0	0
ASV1828	0.000628997	0.000183457	0.000209666	0	0	0
ASV628	0.000838662	0	0	0	0	0.000157249
ASV3240	0	0	0	0.000995912	0	0
ASV8159	0	0	0.000131041	0	0.000864871	0
ASV7998	0	0.000209666	0.000235874	0.000550372	0	0
ASV938	0.000628997	0.000131041	0	0.000131041	0.000104833	0
ASV9020	0.000995912	0	0	0	0	0
ASV9026	0.000995912	0	0	0	0	0
ASV8378	0.000550372	0.000131041	0.000183457	0	0.000104833	0
ASV66	0	0	0.000969703	0	0	0
ASV8530	0.000445539	0.000262082	0.000262082	0	0	0
ASV9059	0.000681413	0	0	0.00028829	0	0
ASV568	0.000550372	0.000157249	0.000235874	0	0	0
ASV9090	0.000550372	0	0	0.000393123	0	0
ASV5761	0.000235874	0	0	0	0.000681413	2.62E-05
ASV8490	0	0	0.000943495	0	0	0
ASV11249	0	0	0	0.000943495	0	0
ASV8154	0	0	0	0	0.000943495	0
ASV1544	0.000628997	0	0	0.000314498	0	0
ASV1835	0.000497956	0.000445539	0	0	0	0
ASV877	0.00057658	0	0	0.000366915	0	0
ASV9095	0.000419331	0	0	0.000524164	0	0
ASV9060	0.000628997	0	0	0.000314498	0	0
ASV8178	0	0	0.000340707	0	0.000602789	0
ASV1701	0	7.86E-05	0.000340707	0	0.000419331	0.000104833
ASV1775	0	0	0	0.000917287	0	0
ASV503	0.000183457	0	0	0	0.000471748	0.000262082
ASV5809	0	0	0	0.000917287	0	0
ASV585	0.000917287	0	0	0	0	0
ASV8528	0.00057658	0	0.000340707	0	0	0
ASV771	0.000366915	0	0	0.000550372	0	0
ASV8576	0.000340707	0	0.000183457	0.000393123	0	0
ASV8156	0	0	0	0	0.000917287	0
ASV7885	0	0	0	0	0.000891079	0
ASV8158	0	0	0	0	0.000891079	0
ASV500	0.000104833	0.000235874	0.000550372	0	0	0
ASV9081	0.000497956	0	0	0.000393123	0	0
ASV2509	0	0	2.62E-05	0	0.000864871	0
ASV724	0.000602789	0	0	0.00028829	0	0
ASV541	0	0	7.86E-05	0.000314498	0.000471748	0
ASV1547	0	0	0	0	0.000864871	0
ASV727	0	0	0	0.000864871	0	0
ASV1909	0	0.000864871	0	0	0	0
ASV9724	0	0.000864871	0	0	0	0
ASV8160	0	0	0	0	0.000864871	0
ASV3836	0.000366915	0.000104833	0.000314498	7.86E-05	0	0
ASV9032	0.000786246	7.86E-05	0	0	0	0
ASV666	0.000131041	0	0	0.000131041	0.00057658	0
ASV246	0	0	0.000209666	0.000157249	0.000471748	0
ASV2561	0	0	0	0.000366915	0.000471748	0
ASV9166	0.000314498	0	0	0.000524164	0	0
ASV8162	0	0	0	0	0.000838662	0
ASV9082	0.000550372	0.00028829	0	0	0	0
ASV3738	0	0	0	0	0.000838662	0
ASV9040	0.000838662	0	0	0	0	0
ASV8161	0	0	0	0	0.000838662	0
ASV9063	0.00057658	7.86E-05	0	0.000183457	0	0
ASV49	0	0.000157249	0	0.000524164	0.000131041	0
ASV8301	0.000524164	0	0	0.000131041	0.000157249	0
ASV8578	0.000314498	0.000366915	0.000131041	0	0	0
ASV574	0	0	0	0.000812454	0	0
ASV144	0	0.000812454	0	0	0	0
ASV8163	0	0	0	0	0.000812454	0
ASV702	0	0	0	0.000471748	0.000340707	0
ASV12349	0	0	0	0	0	0.000812454
ASV9041	0.000812454	0	0	0	0	0
ASV8196	0	0	0.000393123	0	0.000419331	0
ASV9029	0.000812454	0	0	0	0	0
ASV8213	0.000471748	0	0	0	0.000340707	0
ASV9039	0.000812454	0	0	0	0	0
ASV9065	0.000628997	0	0	0.000183457	0	0
ASV8382	0.000707621	0	0	0	0.000104833	0
ASV1249	0	0	0.000550372	0	0	0.000235874
ASV8201	0.000393123	0	0	0	0.000393123	0
ASV1684	0.000183457	0.000445539	0	0	0	0.000157249
ASV101	0.000786246	0	0	0	0	0
ASV2252	0	0	0	0.000786246	0	0
ASV2743	0.000786246	0	0	0	0	0
ASV2593	0	0.000786246	0	0	0	0
ASV9086	0.000419331	0	0	0.000366915	0	0
ASV7926	0.000786246	0	0	0	0	0
ASV9034	0.000786246	0	0	0	0	0
ASV736	0.000497956	0	0	0.00028829	0	0
ASV8248	0.000183457	0	0	0.000366915	0.000235874	0
ASV9122	0.000445539	0	0	0.000340707	0	0
ASV8166	0	0	0	0	0.000786246	0
ASV8164	0	0	0	0	0.000786246	0
ASV1471	0.000445539	0	0	0.000235874	0.000104833	0
ASV9075	0.000471748	0	0	0.00028829	0	0
ASV9028	0.000760038	0	0	0	0	0
ASV9031	0.000760038	0	0	0	0	0
ASV959	0.000314498	0	0	0	0.000445539	0
ASV9037	0.000760038	0	0	0	0	0
ASV9045	0.000681413	0	0	0	0	7.86E-05
ASV1821	0	0	0	0.00073383	0	0
ASV1549	0	0.000393123	0	0	0.000340707	0
ASV93	0	0	0.00073383	0	0	0
ASV9049	0.00073383	0	0	0	0	0
ASV9033	0.00073383	0	0	0	0	0
ASV9042	0.00073383	0	0	0	0	0
ASV8168	0	0	0	0	0.00073383	0
ASV664	0.000314498	7.86E-05	0.000131041	0	0.000209666	0
ASV1299	0	0	0.000209666	0.000366915	0	0.000157249
ASV74	0	0	7.86E-05	0.000209666	0.000445539	0
ASV3848	0	0.000235874	0.000131041	0	0.000235874	0.000104833
ASV1788	0.000471748	0.000104833	0.000131041	0	0	0
ASV769	0	0	0.000157249	0	0.000550372	0
ASV9725	0	0.000655205	0	5.24E-05	0	0
ASV1796	0	0	0	0.000707621	0	0
ASV1817	0	0	0	0	0	0.000707621
ASV716	0	0	0.000262082	0.000445539	0	0
ASV1787	0	0	0	0.000707621	0	0
ASV384	0	0	0.000262082	0.000445539	0	0
ASV2517	0.000707621	0	0	0	0	0
ASV9036	0.000707621	0	0	0	0	0
ASV62	0	0.000157249	0	0.000235874	0.00028829	0
ASV4376	0	0	0	0.000681413	0	0
ASV4338	0	0	0.000340707	0	0.000340707	0
ASV4695	0.000524164	0	0.000157249	0	0	0
ASV554	0	0	0	0.000681413	0	0
ASV12348	0	0	0	0	0	0.000681413
ASV8511	0	0.000340707	0.000340707	0	0	0
ASV7347	0	0.000157249	0	0.000262082	0.000262082	0
ASV2529	0.000524164	0	0.000157249	0	0	0
ASV9035	0.000681413	0	0	0	0	0
ASV8223	0.000209666	0	0	0.000157249	0.000314498	0
ASV8314	0.000419331	0.000104833	0	0	0.000157249	0
ASV8170	0	0	0	0	0.000681413	0
ASV8169	0	0	0	0	0.000681413	0
ASV2553	0	0	0	0.000235874	0.000445539	0
ASV9053	0.000602789	7.86E-05	0	0	0	0
ASV6679	0	0	0	0.000235874	0.000419331	0
ASV5044	0	0	0.000655205	0	0	0
ASV8501	0.000235874	0	0.000419331	0	0	0
ASV11253	0	0	0	0.000655205	0	0
ASV2254	0.000393123	0.000104833	0.000157249	0	0	0
ASV9048	0.000655205	0	0	0	0	0
ASV9050	0.000655205	0	0	0	0	0
ASV9056	0.000655205	0	0	0	0	0
ASV8171	0	0	0	0	0.000655205	0
ASV9071	0.000550372	0	0	0.000104833	0	0
ASV7905	0	0.00057658	0	0	0	7.86E-05
ASV8831	0.000628997	0	2.62E-05	0	0	0
ASV8515	0.00028829	0	0.000366915	0	0	0
ASV9109	0.000445539	0	0	0.000209666	0	0
ASV55	0	0	0.000131041	0.000497956	0	0
ASV9085	0.000471748	0	0	0.000157249	0	0
ASV8324	0.000419331	0	7.86E-05	0	0.000131041	0
ASV871	0.000419331	0	0	5.24E-05	0.000157249	0
ASV9070	0.00057658	5.24E-05	0	0	0	0
ASV8278	0.000235874	5.24E-05	0.000104833	5.24E-05	0.000183457	0
ASV8503	0	0.000262082	0.000366915	0	0	0
ASV489	0.000628997	0	0	0	0	0
ASV1799	0.000419331	0.000209666	0	0	0	0
ASV1211	0.000628997	0	0	0	0	0
ASV2463	0.000628997	0	0	0	0	0
ASV766	0	0	0	0.000628997	0	0
ASV11250	0	0	0	0.000628997	0	0
ASV679	0.000628997	0	0	0	0	0
ASV9726	0	0.000628997	0	0	0	0
ASV11254	0	0	0	0.000628997	0	0
ASV9100	0.000445539	0.000183457	0	0	0	0
ASV9047	0.000628997	0	0	0	0	0
ASV9061	0.000628997	0	0	0	0	0
ASV9058	0.000628997	0	0	0	0	0
ASV8176	0	0	0	0	0.000628997	0
ASV8173	0	0	0	0	0.000628997	0
ASV8174	0	0	0	0	0.000628997	0
ASV322	0.00028829	0	5.24E-05	0.00028829	0	0
ASV8636	0	0.000471748	0.000131041	0	0	0
ASV153	0.000393123	0.000131041	0	7.86E-05	0	0
ASV671	0	0	0.000393123	0	0	0.000209666
ASV3990	0	0.000602789	0	0	0	0
ASV1848	0.000209666	0	0.000131041	0	0.000262082	0
ASV2861	0	0	0	0	0.000602789	0
ASV934	0	0.000445539	0	0	0	0.000157249
ASV11251	0	0	0	0.000602789	0	0
ASV8494	0	0	0.000602789	0	0	0
ASV9046	0.000602789	0	0	0	0	0
ASV8177	0	0	0	0	0.000602789	0
ASV9052	0.000602789	0	0	0	0	0
ASV9054	0.000602789	0	0	0	0	0
ASV201	0.000340707	0	0	0.000235874	0	0
ASV9098	0.000340707	0	0	0.000235874	0	0
ASV8221	0	0	0.000262082	0	0.000314498	0
ASV8247	0.000340707	0	0	0	0.000235874	0
ASV9146	0.000340707	0	0	0.000235874	0	0
ASV307	0	0	0	0.000393123	0.000183457	0
ASV532	0.00057658	0	0	0	0	0
ASV160	0	0	0.00057658	0	0	0
ASV1794	0	0	0	0.00057658	0	0
ASV1944	0	0	0.000393123	0	0	0.000183457
ASV4722	0	0	0.00057658	0	0	0
ASV6845	0	0.00057658	0	0	0	0
ASV1801	0	0.000393123	0	0	0	0.000183457
ASV7911	0	0	0	0	0.00057658	0
ASV1589	0	0	0	0	0.00057658	0
ASV2539	0.00057658	0	0	0	0	0
ASV8495	0	0	0.000471748	0.000104833	0	0
ASV9055	0.00057658	0	0	0	0	0
ASV9074	0.00057658	0	0	0	0	0
ASV9073	0.00057658	0	0	0	0	0
ASV9077	0.00057658	0	0	0	0	0
ASV9080	0.00057658	0	0	0	0	0
ASV8181	0	0	0	0	0.00057658	0
ASV155	0	0	0.000209666	0	0.000366915	0
ASV8267	0.00028829	7.86E-05	0	0	0.000209666	0
ASV253	0	0	0.000157249	0.000393123	0	0
ASV7137	0	0	0	0.000550372	0	0
ASV11860	0	0	0	0	0	0.000550372
ASV4289	0	0	0	0	0.000550372	0
ASV2620	0	0	0.000550372	0	0	0
ASV580	0	0	0	0.000550372	0	0
ASV8492	0	0	0.000550372	0	0	0
ASV8498	0	0	0.000550372	0	0	0
ASV9730	0	0.000550372	0	0	0	0
ASV11255	0	0	0	0.000550372	0	0
ASV9062	0.000550372	0	0	0	0	0
ASV9066	0.000550372	0	0	0	0	0
ASV9093	0.000550372	0	0	0	0	0
ASV8182	0	0	0	0	0.000550372	0
ASV2477	0	0	0.000262082	0	0	0.00028829
ASV1962	0.000209666	0	0.000131041	0.000209666	0	0
ASV8577	0	0.000131041	0.000209666	0.000209666	0	0
ASV8238	0	0	0	0.00028829	0.000262082	0
ASV8558	0.00028829	0	0.000262082	0	0	0
ASV8279	0	0	0	7.86E-05	0.000183457	0.00028829
ASV8245	0	0.000157249	0.000131041	0	0.000235874	0
ASV479	0	0	0.000524164	0	0	0
ASV1614	0	0	0	0	0.000524164	0
ASV9728	0	0.000524164	0	0	0	0
ASV9078	0.000524164	0	0	0	0	0
ASV1943	0.000524164	0	0	0	0	0
ASV9727	0	0.000524164	0	0	0	0
ASV9057	0.000524164	0	0	0	0	0
ASV8502	0	0	0.000524164	0	0	0
ASV9069	0.000524164	0	0	0	0	0
ASV9072	0.000524164	0	0	0	0	0
ASV9076	0.000524164	0	0	0	0	0
ASV9152	0.000314498	0	0	0.000209666	0	0
ASV9087	0.000524164	0	0	0	0	0
ASV9088	0.000524164	0	0	0	0	0
ASV8184	0	0	0	0	0.000524164	0
ASV8183	0	0	0	0	0.000524164	0
ASV704	0	0.000235874	0	0.000157249	0.000104833	0
ASV1277	0	0	0	0	0.000497956	0
ASV1940	0	0	0.000497956	0	0	0
ASV2141	0	0	0	0.000497956	0	0
ASV11252	0	0	0	0.000497956	0	0
ASV809	0.000157249	0	0	0.000340707	0	0
ASV706	0.000497956	0	0	0	0	0
ASV8496	0	0	0.000497956	0	0	0
ASV9351	0.000104833	0.000131041	0	0	0	0.000262082
ASV9731	0	0.000497956	0	0	0	0
ASV8234	0	0	0	0.000235874	0.000262082	0
ASV9068	0.000497956	0	0	0	0	0
ASV9067	0.000497956	0	0	0	0	0
ASV9079	0.000497956	0	0	0	0	0
ASV9110	0.000393123	0	0	0.000104833	0	0
ASV9092	0.000497956	0	0	0	0	0
ASV9091	0.000497956	0	0	0	0	0
ASV8282	0.000314498	0	0	0	0.000183457	0
ASV8186	0	0	0	0	0.000497956	0
ASV1971	7.86E-05	0	0	0.000419331	0	0
ASV9123	0.000419331	0	0	7.86E-05	0	0
ASV214	0	0	0	0.000445539	0	5.24E-05
ASV2683	0	0.00028829	0.000209666	0	0	0
ASV8226	0.000209666	0	0	0	0.00028829	0
ASV6044	0.000209666	0	7.86E-05	0.000209666	0	0
ASV1435	0	0	0	0.000471748	0	0
ASV106	0	0	0	0.000235874	0.000235874	0
ASV1901	0	0	0	0.000471748	0	0
ASV5075	0.000157249	0	0.000183457	0.000131041	0	0
ASV4642	0	0	0	0.000471748	0	0
ASV5088	0	0	0	0.000471748	0	0
ASV2465	0	0	0	0.000471748	0	0
ASV7918	0.000471748	0	0	0	0	0
ASV6987	0.000340707	0.000131041	0	0	0	0
ASV8220	0	0.000157249	0	0	0.000314498	0
ASV11256	0	0	0	0.000471748	0	0
ASV9136	0.000340707	0	0	0.000131041	0	0
ASV9161	0.000314498	0	0	0.000157249	0	0
ASV9083	0.000471748	0	0	0	0	0
ASV9102	0.000471748	0	0	0	0	0
ASV9141	0.000340707	0.000131041	0	0	0	0
ASV9104	0.000471748	0	0	0	0	0
ASV8189	0	0	0	0	0.000471748	0
ASV2784	0	0	5.24E-05	0	0.000419331	0
ASV8766	0.000445539	0	2.62E-05	0	0	0
ASV5567	0	0	0.00028829	0.000183457	0	0
ASV570	0.00028829	0	0	0	0.000183457	0
ASV8206	0	0.000104833	0	0	0.000366915	0
ASV9193	0.00028829	0.000183457	0	0	0	0
ASV6051	0.000314498	0	0	0.000131041	0	0
ASV1669	0.000104833	0	0	0.000340707	0	0
ASV604	0.00028829	0.000157249	0	0	0	0
ASV475	0	0	0.000445539	0	0	0
ASV3988	0	0	0	0	0	0.000445539
ASV173	0	0	0	0.000445539	0	0
ASV1434	0.000445539	0	0	0	0	0
ASV97	0.000445539	0	0	0	0	0
ASV1857	0.000445539	0	0	0	0	0
ASV563	0	0	0	0	0.000445539	0
ASV10252	0	0	0	0.000445539	0	0
ASV5745	0.000445539	0	0	0	0	0
ASV9084	0.000445539	0	0	0	0	0
ASV6161	0	0	0	0	0.000445539	0
ASV9729	0	0.000445539	0	0	0	0
ASV8500	0	0	0.000445539	0	0	0
ASV8505	0	0	0.000445539	0	0	0
ASV9732	0	0.000445539	0	0	0	0
ASV9089	0.000445539	0	0	0	0	0
ASV9101	0.000445539	0	0	0	0	0
ASV9107	0.000445539	0	0	0	0	0
ASV9111	0.000445539	0	0	0	0	0
ASV8191	0	0	0	0	0.000445539	0
ASV8190	0	0	0	0	0.000445539	0
ASV8747	0	0	7.86E-05	0.000366915	0	0
ASV530	2.62E-05	0	7.86E-05	7.86E-05	0.000209666	5.24E-05
ASV8671	0.000235874	0	5.24E-05	0.000131041	0	0
ASV916	0.000314498	0.000104833	0	0	0	0
ASV1923	0	0	0.000183457	0	0	0.000235874
ASV7787	0.000262082	0	0.000157249	0	0	0
ASV614	0.000314498	0	0.000104833	0	0	0
ASV2654	0.000262082	0	0	0	0.000157249	0
ASV8317	0.000262082	0	0	0	0.000157249	0
ASV2490	0	0.000419331	0	0	0	0
ASV4917	0	0	0.000419331	0	0	0
ASV12352	0	0	0	0	0	0.000419331
ASV9064	0.000419331	0	0	0	0	0
ASV12354	0	0	0	0	0	0.000419331
ASV11263	0	0	0	0.000419331	0	0
ASV9097	0.000419331	0	0	0	0	0
ASV9094	0.000419331	0	0	0	0	0
ASV9096	0.000419331	0	0	0	0	0
ASV11272	0	0	0	0.000419331	0	0
ASV11271	0	0	0	0.000419331	0	0
ASV9099	0.000419331	0	0	0	0	0
ASV9103	0.000419331	0	0	0	0	0
ASV9108	0.000419331	0	0	0	0	0
ASV9116	0.000419331	0	0	0	0	0
ASV8194	0	0	0	0	0.000419331	0
ASV8193	0	0	0	0	0.000419331	0
ASV1293	0	0.000366915	0	0	0	5.24E-05
ASV9117	0.000366915	0	0	5.24E-05	0	0
ASV725	0	0.000209666	0.000209666	0	0	0
ASV261	0.000262082	0	0	0.000131041	0	0
ASV69	0.000262082	0	0	0	0.000131041	0
ASV3863	0.000131041	0	0	0.000262082	0	0
ASV1588	0	0	0	0.000131041	0	0.000262082
ASV8611	0.000157249	0	0.000104833	0.000131041	0	0
ASV8620	0	0.000235874	0.000157249	0	0	0
ASV80	0	0	0	0.000393123	0	0
ASV1612	0	0	0	0.000393123	0	0
ASV932	0	0	0	0.000393123	0	0
ASV2823	0	0	0.000393123	0	0	0
ASV6933	0	0	0	0.000393123	0	0
ASV6226	0	0.000393123	0	0	0	0
ASV4616	0	0.000393123	0	0	0	0
ASV12350	0	0	0	0	0	0.000393123
ASV8514	0	0	0.000393123	0	0	0
ASV9733	0	0.000393123	0	0	0	0
ASV9736	0	0.000393123	0	0	0	0
ASV1062	0.000393123	0	0	0	0	0
ASV9106	0.000393123	0	0	0	0	0
ASV9739	0	0.000393123	0	0	0	0
ASV8522	0	0	0.000393123	0	0	0
ASV9127	0.000393123	0	0	0	0	0
ASV9128	0.000393123	0	0	0	0	0
ASV9130	0.000393123	0	0	0	0	0
ASV8202	0	0	0	0	0.000393123	0
ASV8203	0	0	0	0	0.000393123	0
ASV8204	0	0	0	0	0.000393123	0
ASV8199	0	0	0	0	0.000393123	0
ASV8200	0	0	0	0	0.000393123	0
ASV1758	0	0	0	7.86E-05	0.000314498	0
ASV682	0.000314498	0	0	7.86E-05	0	0
ASV9147	0.000314498	0	0	7.86E-05	0	0
ASV9170	0.000314498	0	0	7.86E-05	0	0
ASV3872	0	0	0	0	0.00028829	0.000104833
ASV7469	0	0	0.00028829	0.000104833	0	0
ASV8285	0.000209666	0	0	0	0.000183457	0
ASV9181	0.000235874	0	0	0.000131041	0	0
ASV9153	0.000314498	0	0	5.24E-05	0	0
ASV8277	0.000157249	0	2.62E-05	0	0.000183457	0
ASV2426	0	0	0	0.000366915	0	0
ASV116	0	0	0	0.000366915	0	0
ASV7141	0	0	0	0.000366915	0	0
ASV235	0	0	0.000104833	0	0	0.000262082
ASV5087	0	0	0	0	0.000366915	0
ASV4018	0	0	0	0	0.000366915	0
ASV2432	0.000104833	0	0	0	0.000262082	0
ASV519	0	0	0.000366915	0	0	0
ASV7888	0	0	0.000366915	0	0	0
ASV908	0	0	0	0.000366915	0	0
ASV10436	0	0	0	0.000366915	0	0
ASV1996	0	0	0.000366915	0	0	0
ASV4587	0.000366915	0	0	0	0	0
ASV11258	0	0	0	0.000366915	0	0
ASV11257	0	0	0	0.000366915	0	0
ASV11260	0	0	0	0.000366915	0	0
ASV11264	0	0	0	0.000366915	0	0
ASV11265	0	0	0	0.000366915	0	0
ASV2616	0.000366915	0	0	0	0	0
ASV12355	0	0	0	0	0	0.000366915
ASV8516	0	0	0.000366915	0	0	0
ASV9118	0.000366915	0	0	0	0	0
ASV9105	0.000366915	0	0	0	0	0
ASV8517	0	0	0.000366915	0	0	0
ASV9112	0.000366915	0	0	0	0	0
ASV1064	0.000104833	0	0	0	0.000262082	0
ASV9114	0.000366915	0	0	0	0	0
ASV9120	0.000366915	0	0	0	0	0
ASV9129	0.000366915	0	0	0	0	0
ASV9126	0.000366915	0	0	0	0	0
ASV9121	0.000366915	0	0	0	0	0
ASV9124	0.000366915	0	0	0	0	0
ASV11279	0	0	0	0.000366915	0	0
ASV9132	0.000366915	0	0	0	0	0
ASV9131	0.000366915	0	0	0	0	0
ASV9145	0.000366915	0	0	0	0	0
ASV9140	0.000366915	0	0	0	0	0
ASV9142	0.000366915	0	0	0	0	0
ASV8209	0	0	0	0	0.000366915	0
ASV8205	0	0	0	0	0.000366915	0
ASV8207	0	0	0	0	0.000366915	0
ASV8210	0	0	0	0	0.000366915	0
ASV8635	0.000183457	0	0.000104833	7.86E-05	0	0
ASV488	0	0.000157249	0	0	0.000183457	0
ASV4571	0	0	0	0	0.000340707	0
ASV5091	0	0.000131041	0.000209666	0	0	0
ASV1601	0	0	0	0	0.000340707	0
ASV4901	0	0	0	0	0	0.000340707
ASV1797	0	0	0	0.000340707	0	0
ASV4913	0	0	0	0	0.000340707	0
ASV731	0	0	0	0.000340707	0	0
ASV12351	0	0	0	0	0	0.000340707
ASV9159	0.000340707	0	0	0	0	0
ASV9167	0.000340707	0	0	0	0	0
ASV11261	0	0	0	0.000340707	0	0
ASV770	0.000157249	0	0	0	0.000183457	0
ASV8506	0	0	0.000340707	0	0	0
ASV11262	0	0	0	0.000340707	0	0
ASV8508	0	0	0.000340707	0	0	0
ASV915	0.000340707	0	0	0	0	0
ASV857	0.000131041	0	0	0.000209666	0	0
ASV11269	0	0	0	0.000340707	0	0
ASV8262	0	0	0.000131041	0	0.000209666	0
ASV11270	0	0	0	0.000340707	0	0
ASV8518	0	0	0.000340707	0	0	0
ASV9113	0.000340707	0	0	0	0	0
ASV11285	0	0	0	0.000340707	0	0
ASV9125	0.000340707	0	0	0	0	0
ASV9119	0.000340707	0	0	0	0	0
ASV11289	0	0	0	0.000340707	0	0
ASV9134	0.000340707	0	0	0	0	0
ASV8256	0	0	0	0.000131041	0.000209666	0
ASV9144	0.000340707	0	0	0	0	0
ASV9135	0.000340707	0	0	0	0	0
ASV9151	0.000340707	0	0	0	0	0
ASV9157	0.000340707	0	0	0	0	0
ASV9160	0.000340707	0	0	0	0	0
ASV8332	0.000209666	0	0	0	0.000131041	0
ASV8212	0	0	0	0	0.000340707	0
ASV8215	0	0	0	0	0.000340707	0
ASV8218	0	0	0	0	0.000340707	0
ASV8310	0.000183457	0	0	0	0.000157249	0
ASV8214	0	0	0	0	0.000340707	0
ASV9168	0.000340707	0	0	0	0	0
ASV8219	0	0	0	0	0.000340707	0
ASV8216	0	0	0	0	0.000340707	0
ASV1182	0	5.24E-05	0.00028829	0	0	0
ASV8331	0	0	0.000131041	5.24E-05	0.000131041	0
ASV152	0	0.000314498	0	0	0	0
ASV5646	0	0.000314498	0	0	0	0
ASV9743	0	0.000314498	0	0	0	0
ASV3186	0	0	0	0.000314498	0	0
ASV2758	0	0	0.000314498	0	0	0
ASV9150	0.000314498	0	0	0	0	0
ASV1888	0	0	0.000314498	0	0	0
ASV2473	0	0.000314498	0	0	0	0
ASV691	0	0	0.000314498	0	0	0
ASV5899	0	0	0	0	0.000314498	0
ASV8510	0	0	0.000314498	0	0	0
ASV11266	0	0	0	0.000314498	0	0
ASV9735	0	0.000314498	0	0	0	0
ASV11268	0	0	0	0.000314498	0	0
ASV9738	0	0.000314498	0	0	0	0
ASV11274	0	0	0	0.000314498	0	0
ASV8524	0	0	0.000314498	0	0	0
ASV11282	0	0	0	0.000314498	0	0
ASV9744	0	0.000314498	0	0	0	0
ASV9133	0.000314498	0	0	0	0	0
ASV9301	0.000157249	0	0	0.000157249	0	0
ASV5693	0.000314498	0	0	0	0	0
ASV9139	0.000314498	0	0	0	0	0
ASV8537	0	0	0.000314498	0	0	0
ASV9143	0.000314498	0	0	0	0	0
ASV9138	0.000314498	0	0	0	0	0
ASV9158	0.000314498	0	0	0	0	0
ASV9156	0.000314498	0	0	0	0	0
ASV8224	0	0	0	0	0.000314498	0
ASV8225	0	0	0	0	0.000314498	0
ASV9175	0.000314498	0	0	0	0	0
ASV9759	0	0.000314498	0	0	0	0
ASV9187	0.000314498	0	0	0	0	0
ASV9176	0.000314498	0	0	0	0	0
ASV1975	0	0	0	0.000262082	5.24E-05	0
ASV1871	0.000209666	5.24E-05	5.24E-05	0	0	0
ASV5124	0.000209666	0	0.000104833	0	0	0
ASV1972	0.000209666	0	0.000104833	0	0	0
ASV9137	0.000235874	5.24E-05	0	0	0	0
ASV7479	2.62E-05	0	0	0.000262082	0	0
ASV876	0	0	0	0.00028829	0	0
ASV708	0	0	0.000104833	0.000183457	0	0
ASV1566	0	0	0.00028829	0	0	0
ASV677	0	0	0	0	0.00028829	0
ASV4585	0	0	0	0.00028829	0	0
ASV6855	0	0	0	0.00028829	0	0
ASV7467	0	0	0	0.00028829	0	0
ASV8527	0	0	0.00028829	0	0	0
ASV1023	0	0	0	0.00028829	0	0
ASV1692	0	0	0	0.00028829	0	0
ASV8525	0	0	0.00028829	0	0	0
ASV9740	0	0.00028829	0	0	0	0
ASV11275	0	0	0	0.00028829	0	0
ASV8523	0	0	0.00028829	0	0	0
ASV9115	0.00028829	0	0	0	0	0
ASV5034	0	0	0	0.000183457	0.000104833	0
ASV11280	0	0	0	0.00028829	0	0
ASV11281	0	0	0	0.00028829	0	0
ASV11291	0	0	0	0.00028829	0	0
ASV11287	0	0	0	0.00028829	0	0
ASV8275	0	0	0.000104833	0	0.000183457	0
ASV8627	0	0.000183457	0.000104833	0	0	0
ASV11296	0	0	0	0.00028829	0	0
ASV8546	0	0	0.00028829	0	0	0
ASV9154	0.00028829	0	0	0	0	0
ASV9752	0	0.00028829	0	0	0	0
ASV9747	0	0.00028829	0	0	0	0
ASV8544	0	0	0.00028829	0	0	0
ASV7132	0.00028829	0	0	0	0	0
ASV9164	0.00028829	0	0	0	0	0
ASV3064	0	0	0	0	0.00028829	0
ASV9163	0.00028829	0	0	0	0	0
ASV9162	0.00028829	0	0	0	0	0
ASV9169	0.00028829	0	0	0	0	0
ASV9165	0.00028829	0	0	0	0	0
ASV9182	0.00028829	0	0	0	0	0
ASV9183	0.00028829	0	0	0	0	0
ASV9178	0.00028829	0	0	0	0	0
ASV11312	0	0	0	0.00028829	0	0
ASV9188	0.00028829	0	0	0	0	0
ASV9184	0.00028829	0	0	0	0	0
ASV9185	0.00028829	0	0	0	0	0
ASV9191	0.00028829	0	0	0	0	0
ASV9190	0.00028829	0	0	0	0	0
ASV9192	0.00028829	0	0	0	0	0
ASV9189	0.00028829	0	0	0	0	0
ASV9177	0.00028829	0	0	0	0	0
ASV8231	0	0	0	0	0.00028829	0
ASV8228	0	0	0	0	0.00028829	0
ASV9197	0.00028829	0	0	0	0	0
ASV8232	0	0	0	0	0.00028829	0
ASV8227	0	0	0	0	0.00028829	0
ASV8233	0	0	0	0	0.00028829	0
ASV9201	0.00028829	0	0	0	0	0
ASV8229	0	0	0	0	0.00028829	0
ASV8230	0	0	0	0	0.00028829	0
ASV8565	0	7.86E-05	0.000209666	0	0	0
ASV8648	0.000209666	0	7.86E-05	0	0	0
ASV4053	0	0.000131041	0.000131041	0	0	0
ASV9299	0.000131041	0	0	0.000131041	0	0
ASV208	0	0	0	0.000262082	0	0
ASV893	0	0	0	0.000262082	0	0
ASV337	0	0	0	0.000262082	0	0
ASV1238	0	0	0	0.000262082	0	0
ASV1198	0	0.000262082	0	0	0	0
ASV1653	0	0	0	0.000262082	0	0
ASV4051	0	0	0	0.000262082	0	0
ASV1854	0	0	0	0.000262082	0	0
ASV1955	0	0	0	0.000262082	0	0
ASV5084	0.000262082	0	0	0	0	0
ASV1564	0	0	0	0	0	0.000262082
ASV2472	0	0	0.000262082	0	0	0
ASV2570	0	0	0	0	0	0.000262082
ASV1990	0	0	0	0.000262082	0	0
ASV1247	0	0	0	0	0.000262082	0
ASV11259	0	0	0	0.000262082	0	0
ASV12353	0	0	0	0	0	0.000262082
ASV11267	0	0	0	0.000262082	0	0
ASV11273	0	0	0	0.000262082	0	0
ASV9737	0	0.000262082	0	0	0	0
ASV11276	0	0	0	0.000262082	0	0
ASV11278	0	0	0	0.000262082	0	0
ASV8529	0	0	0.000262082	0	0	0
ASV11284	0	0	0	0.000262082	0	0
ASV11290	0	0	0	0.000262082	0	0
ASV11292	0	0	0	0.000262082	0	0
ASV841	0.000262082	0	0	0	0	0
ASV11293	0	0	0	0.000262082	0	0
ASV8535	0	0	0.000262082	0	0	0
ASV11295	0	0	0	0.000262082	0	0
ASV8543	0	0	0.000262082	0	0	0
ASV9149	0.000262082	0	0	0	0	0
ASV11298	0	0	0	0.000262082	0	0
ASV2695	0	0	0	0.000262082	0	0
ASV11304	0	0	0	0.000262082	0	0
ASV9171	0.000262082	0	0	0	0	0
ASV9179	0.000262082	0	0	0	0	0
ASV9173	0.000262082	0	0	0	0	0
ASV9180	0.000262082	0	0	0	0	0
ASV8306	0	0	0.000104833	0	0.000157249	0
ASV9174	0.000262082	0	0	0	0	0
ASV9202	0.000262082	0	0	0	0	0
ASV9203	0.000262082	0	0	0	0	0
ASV9207	0.000262082	0	0	0	0	0
ASV9762	0	0.000262082	0	0	0	0
ASV11322	0	0	0	0.000262082	0	0
ASV9195	0.000262082	0	0	0	0	0
ASV9198	0.000262082	0	0	0	0	0
ASV9205	0.000262082	0	0	0	0	0
ASV9215	0.000262082	0	0	0	0	0
ASV8235	0	0	0	0	0.000262082	0
ASV9230	0.000262082	0	0	0	0	0
ASV9227	0.000262082	0	0	0	0	0
ASV8237	0	0	0	0	0.000262082	0
ASV8236	0	0	0	0	0.000262082	0
ASV9213	0.000262082	0	0	0	0	0
ASV9218	0.000262082	0	0	0	0	0
ASV9212	0.000262082	0	0	0	0	0
ASV8239	0	0	0	0	0.000262082	0
ASV9224	0.000262082	0	0	0	0	0
ASV9217	0.000262082	0	0	0	0	0
ASV2135	0	7.86E-05	0	0.000183457	0	0
ASV9235	0.000183457	7.86E-05	0	0	0	0
ASV9233	0.000183457	7.86E-05	0	0	0	0
ASV9261	0.000183457	7.86E-05	0	0	0	0
ASV8711	0.000183457	0	7.86E-05	0	0	0
ASV8288	7.86E-05	0	0	0	0.000183457	0
ASV801	5.24E-05	0	0.000209666	0	0	0
ASV656	0	0	0	0.000235874	0	0
ASV1203	0	0	0	0.000235874	0	0
ASV408	0	0	0	0	0.000235874	0
ASV4120	0	0	0	0.000235874	0	0
ASV8551	0	0	0.000235874	0	0	0
ASV1329	0	0	0	0.000235874	0	0
ASV5998	0	0	0.000235874	0	0	0
ASV1917	0	0.000235874	0	0	0	0
ASV1860	0	0	0	0.000235874	0	0
ASV6479	0	0	0	0	0	0.000235874
ASV7969	0	0	0	0	0.000235874	0
ASV6183	0	0	0	0.000235874	0	0
ASV7010	0	0	0	0.000235874	0	0
ASV2467	0.000235874	0	0	0	0	0
ASV9741	0	0.000235874	0	0	0	0
ASV658	0	0	0	0	0.000235874	0
ASV694	0.000235874	0	0	0	0	0
ASV2585	0.000235874	0	0	0	0	0
ASV8513	0	0	0.000235874	0	0	0
ASV9734	0	0.000235874	0	0	0	0
ASV2559	0.000235874	0	0	0	0	0
ASV11283	0	0	0	0.000235874	0	0
ASV9742	0	0.000235874	0	0	0	0
ASV826	0.000235874	0	0	0	0	0
ASV8531	0	0	0.000235874	0	0	0
ASV8532	0	0	0.000235874	0	0	0
ASV9186	0.000235874	0	0	0	0	0
ASV11294	0	0	0	0.000235874	0	0
ASV8536	0	0	0.000235874	0	0	0
ASV9745	0	0.000235874	0	0	0	0
ASV11297	0	0	0	0.000235874	0	0
ASV12359	0	0	0	0	0	0.000235874
ASV9155	0.000235874	0	0	0	0	0
ASV8547	0	0	0.000235874	0	0	0
ASV11311	0	0	0	0.000235874	0	0
ASV8562	0	0	0.000235874	0	0	0
ASV8561	0	0	0.000235874	0	0	0
ASV12364	0	0	0	0	0	0.000235874
ASV9200	0.000235874	0	0	0	0	0
ASV9204	0.000235874	0	0	0	0	0
ASV9206	0.000235874	0	0	0	0	0
ASV9196	0.000235874	0	0	0	0	0
ASV11318	0	0	0	0.000235874	0	0
ASV9199	0.000235874	0	0	0	0	0
ASV9208	0.000235874	0	0	0	0	0
ASV9336	0.000131041	0	0	0.000104833	0	0
ASV8564	0	0	0.000235874	0	0	0
ASV9211	0.000235874	0	0	0	0	0
ASV9225	0.000235874	0	0	0	0	0
ASV9221	0.000235874	0	0	0	0	0
ASV9219	0.000235874	0	0	0	0	0
ASV11336	0	0	0	0.000235874	0	0
ASV9220	0.000235874	0	0	0	0	0
ASV8249	0	0	0	0	0.000235874	0
ASV8241	0	0	0	0	0.000235874	0
ASV9775	0	0.000235874	0	0	0	0
ASV8244	0	0	0	0	0.000235874	0
ASV8254	0	0	0	0	0.000235874	0
ASV8251	0	0	0	0	0.000235874	0
ASV8255	0	0	0	0	0.000235874	0
ASV9234	0.000235874	0	0	0	0	0
ASV8252	0	0	0	0	0.000235874	0
ASV8253	0	0	0	0	0.000235874	0
ASV9240	0.000235874	0	0	0	0	0
ASV8243	0	0	0	0	0.000235874	0
ASV8250	0	0	0	0	0.000235874	0
ASV8242	0	0	0	0	0.000235874	0
ASV4050	7.86E-05	0	0	0.000157249	0	0
ASV9799	0	7.86E-05	0	0.000157249	0	0
ASV9311	0.000157249	0	0	7.86E-05	0	0
ASV8303	0	0	0	7.86E-05	0.000157249	0
ASV8407	0.000157249	0	0	0	7.86E-05	0
ASV2434	0	0	7.86E-05	0.000131041	0	0
ASV2315	0.000131041	0	7.86E-05	0	0	0
ASV5423	0.000157249	0	0	0	0	5.24E-05
ASV9300	0.000157249	5.24E-05	0	0	0	0
ASV2323	0	2.62E-05	0	0	0.000183457	0
ASV551	0	0	0	0	0	0.000209666
ASV71	0	0	0	0	0	0.000209666
ASV176	0	0	0	0.000209666	0	0
ASV543	0	0	0	0.000209666	0	0
ASV1921	0	0	0	0.000209666	0	0
ASV4933	0	0	0.000209666	0	0	0
ASV6484	0	0	0.000209666	0	0	0
ASV1063	0	0	0	0.000209666	0	0
ASV2727	0	0	0	0.000104833	0	0.000104833
ASV4212	0.000209666	0	0	0	0	0
ASV1877	0	0	0	0.000209666	0	0
ASV2871	0	0	0	0.000209666	0	0
ASV3914	0	0	0.000209666	0	0	0
ASV5994	0.000209666	0	0	0	0	0
ASV4305	0	0	0	0.000209666	0	0
ASV4061	0	0	0	0.000209666	0	0
ASV6163	0	0	0.000209666	0	0	0
ASV2483	0	0	0	0.000209666	0	0
ASV2045	0	0.000209666	0	0	0	0
ASV12356	0	0	0	0	0	0.000209666
ASV9260	0.000209666	0	0	0	0	0
ASV8273	0	0	0	0	0.000209666	0
ASV8533	0	0	0.000209666	0	0	0
ASV8259	0	0	0	0	0.000209666	0
ASV8534	0	0	0.000209666	0	0	0
ASV805	0	0	0	0	0.000209666	0
ASV9286	0.000104833	0	0	0.000104833	0	0
ASV8539	0	0	0.000209666	0	0	0
ASV2614	0.000209666	0	0	0	0	0
ASV9746	0	0.000209666	0	0	0	0
ASV9148	0.000209666	0	0	0	0	0
ASV988	0.000209666	0	0	0	0	0
ASV9753	0	0.000209666	0	0	0	0
ASV8545	0	0	0.000209666	0	0	0
ASV8548	0	0	0.000209666	0	0	0
ASV11302	0	0	0	0.000209666	0	0
ASV11306	0	0	0	0.000209666	0	0
ASV8557	0	0	0.000209666	0	0	0
ASV8552	0	0	0.000209666	0	0	0
ASV8560	0	0	0.000209666	0	0	0
ASV8559	0	0	0.000209666	0	0	0
ASV8554	0	0	0.000209666	0	0	0
ASV9172	0.000209666	0	0	0	0	0
ASV11313	0	0	0	0.000209666	0	0
ASV8566	0	0	0.000209666	0	0	0
ASV11323	0	0	0	0.000209666	0	0
ASV8567	0	0	0.000209666	0	0	0
ASV9194	0.000209666	0	0	0	0	0
ASV9210	0.000209666	0	0	0	0	0
ASV2665	0.000104833	0	0	0	0.000104833	0
ASV9763	0	0.000209666	0	0	0	0
ASV11319	0	0	0	0.000209666	0	0
ASV9228	0.000209666	0	0	0	0	0
ASV9229	0.000209666	0	0	0	0	0
ASV8590	0	0	0.000209666	0	0	0
ASV9232	0.000209666	0	0	0	0	0
ASV8583	0	0	0.000209666	0	0	0
ASV9242	0.000209666	0	0	0	0	0
ASV11348	0	0	0	0.000209666	0	0
ASV9246	0.000209666	0	0	0	0	0
ASV9245	0.000209666	0	0	0	0	0
ASV11359	0	0	0	0.000209666	0	0
ASV9239	0.000209666	0	0	0	0	0
ASV8271	0	0	0	0	0.000209666	0
ASV9266	0.000209666	0	0	0	0	0
ASV9262	0.000209666	0	0	0	0	0
ASV8374	0.000104833	0	0	0	0.000104833	0
ASV8261	0	0	0	0	0.000209666	0
ASV8272	0	0	0	0	0.000209666	0
ASV8266	0	0	0	0	0.000209666	0
ASV9264	0.000209666	0	0	0	0	0
ASV9268	0.000209666	0	0	0	0	0
ASV8258	0	0	0	0	0.000209666	0
ASV8270	0	0	0	0	0.000209666	0
ASV8264	0	0	0	0	0.000209666	0
ASV9249	0.000209666	0	0	0	0	0
ASV8257	0	0	0	0	0.000209666	0
ASV9248	0.000209666	0	0	0	0	0
ASV8268	0	0	0	0	0.000209666	0
ASV8269	0	0	0	0	0.000209666	0
ASV8274	0	0	0	0	0.000209666	0
ASV9255	0.000209666	0	0	0	0	0
ASV8260	0	0	0	0	0.000209666	0
ASV8265	0	0	0	0	0.000209666	0
ASV8263	0	0	0	0	0.000209666	0
ASV9259	0.000209666	0	0	0	0	0
ASV9254	0.000209666	0	0	0	0	0
ASV9247	0.000209666	0	0	0	0	0
ASV1662	0	0	0.000131041	0	5.24E-05	0
ASV9285	0.000131041	0	0	5.24E-05	0	0
ASV5597	0	2.62E-05	0.000157249	0	0	0
ASV8697	0	0	2.62E-05	0.000157249	0	0
ASV9273	0.000157249	2.62E-05	0	0	0	0
ASV8403	0	5.24E-05	5.24E-05	0	7.86E-05	0
ASV1353	0	0	0	0.000183457	0	0
ASV5038	0	0.000183457	0	0	0	0
ASV7461	0	0	0	0.000183457	0	0
ASV1845	0.000183457	0	0	0	0	0
ASV5174	0	0	0.000183457	0	0	0
ASV1809	0	0	0	0.000183457	0	0
ASV2755	0	0	0	0	0.000183457	0
ASV9769	0	0.000183457	0	0	0	0
ASV1973	0	0.000183457	0	0	0	0
ASV8057	0	0	0	0.000183457	0	0
ASV9781	0	0.000183457	0	0	0	0
ASV786	0	0	0.000183457	0	0	0
ASV8928	0	0.000183457	0	0	0	0
ASV743	0	0	0.000183457	0	0	0
ASV9749	0	0.000183457	0	0	0	0
ASV2535	0	0	0.000183457	0	0	0
ASV2534	0	0	0.000183457	0	0	0
ASV4367	0	0	0	0.000183457	0	0
ASV11277	0	0	0	0.000183457	0	0
ASV11286	0	0	0	0.000183457	0	0
ASV11288	0	0	0	0.000183457	0	0
ASV8540	0	0	0.000183457	0	0	0
ASV12358	0	0	0	0	0	0.000183457
ASV8538	0	0	0.000183457	0	0	0
ASV9750	0	0.000183457	0	0	0	0
ASV9751	0	0.000183457	0	0	0	0
ASV8542	0	0	0.000183457	0	0	0
ASV6393	0	0.000183457	0	0	0	0
ASV904	0.000183457	0	0	0	0	0
ASV11299	0	0	0	0.000183457	0	0
ASV9253	0.000183457	0	0	0	0	0
ASV12362	0	0	0	0	0	0.000183457
ASV11300	0	0	0	0.000183457	0	0
ASV8615	0	0	0.000183457	0	0	0
ASV8550	0	0	0.000183457	0	0	0
ASV12361	0	0	0	0	0	0.000183457
ASV11339	0	0	0	0.000183457	0	0
ASV8556	0	0	0.000183457	0	0	0
ASV8553	0	0	0.000183457	0	0	0
ASV9756	0	0.000183457	0	0	0	0
ASV11310	0	0	0	0.000183457	0	0
ASV11307	0	0	0	0.000183457	0	0
ASV892	0	0	0	0	0.000183457	0
ASV8563	0	0	0.000183457	0	0	0
ASV9209	0.000183457	0	0	0	0	0
ASV11316	0	0	0	0.000183457	0	0
ASV11320	0	0	0	0.000183457	0	0
ASV9761	0	0.000183457	0	0	0	0
ASV2630	0.000183457	0	0	0	0	0
ASV11317	0	0	0	0.000183457	0	0
ASV11326	0	0	0	0.000183457	0	0
ASV8568	0	0	0.000183457	0	0	0
ASV12367	0	0	0	0	0	0.000183457
ASV9222	0.000183457	0	0	0	0	0
ASV2712	0.000183457	0	0	0	0	0
ASV9216	0.000183457	0	0	0	0	0
ASV8575	0	0	0.000183457	0	0	0
ASV8573	0	0	0.000183457	0	0	0
ASV9226	0.000183457	0	0	0	0	0
ASV8574	0	0	0.000183457	0	0	0
ASV9767	0	0.000183457	0	0	0	0
ASV9771	0	0.000183457	0	0	0	0
ASV12372	0	0	0	0	0	0.000183457
ASV9244	0.000183457	0	0	0	0	0
ASV9777	0	0.000183457	0	0	0	0
ASV11352	0	0	0	0.000183457	0	0
ASV11355	0	0	0	0.000183457	0	0
ASV11350	0	0	0	0.000183457	0	0
ASV9237	0.000183457	0	0	0	0	0
ASV9241	0.000183457	0	0	0	0	0
ASV11354	0	0	0	0.000183457	0	0
ASV11345	0	0	0	0.000183457	0	0
ASV9776	0	0.000183457	0	0	0	0
ASV9243	0.000183457	0	0	0	0	0
ASV11340	0	0	0	0.000183457	0	0
ASV9257	0.000183457	0	0	0	0	0
ASV9258	0.000183457	0	0	0	0	0
ASV9267	0.000183457	0	0	0	0	0
ASV9251	0.000183457	0	0	0	0	0
ASV9263	0.000183457	0	0	0	0	0
ASV9256	0.000183457	0	0	0	0	0
ASV8284	0	0	0	0	0.000183457	0
ASV9277	0.000183457	0	0	0	0	0
ASV8601	0	0	0.000183457	0	0	0
ASV8283	0	0	0	0	0.000183457	0
ASV8604	0	0	0.000183457	0	0	0
ASV8293	0	0	0	0	0.000183457	0
ASV8280	0	0	0	0	0.000183457	0
ASV8295	0	0	0	0	0.000183457	0
ASV9290	0.000183457	0	0	0	0	0
ASV8289	0	0	0	0	0.000183457	0
ASV8281	0	0	0	0	0.000183457	0
ASV8286	0	0	0	0	0.000183457	0
ASV9294	0.000183457	0	0	0	0	0
ASV9283	0.000183457	0	0	0	0	0
ASV9275	0.000183457	0	0	0	0	0
ASV9274	0.000183457	0	0	0	0	0
ASV11388	0	0	0	0.000183457	0	0
ASV8291	0	0	0	0	0.000183457	0
ASV8292	0	0	0	0	0.000183457	0
ASV8294	0	0	0	0	0.000183457	0
ASV11390	0	0	0	0.000183457	0	0
ASV9276	0.000183457	0	0	0	0	0
ASV8276	0	0	0	0	0.000183457	0
ASV8287	0	0	0	0	0.000183457	0
ASV11385	0	0	0	0.000183457	0	0
ASV8290	0	0	0	0	0.000183457	0
ASV9272	0.000183457	0	0	0	0	0
ASV9280	0.000183457	0	0	0	0	0
ASV1556	0.000104833	0	0	5.24E-05	0	2.62E-05
ASV8592	0	0	0.000104833	7.86E-05	0	0
ASV8647	0	0	0.000104833	7.86E-05	0	0
ASV320	0.000131041	0	2.62E-05	0	0	0
ASV592	0	0	0	0.000157249	0	0
ASV110	0	0	0.000157249	0	0	0
ASV1577	0	0	0	0	0	0.000157249
ASV3049	0	0	0	0.000157249	0	0
ASV448	0	0	0	0.000157249	0	0
ASV1861	0	0	0	0.000157249	0	0
ASV6857	0	0	0	0.000157249	0	0
ASV130	0	0	0	0	0	0.000157249
ASV6241	0	0	0	0.000157249	0	0
ASV6961	0	0	0	0.000157249	0	0
ASV8589	0	0	0.000157249	0	0	0
ASV7656	0	0	0	0.000157249	0	0
ASV9313	0.000157249	0	0	0	0	0
ASV1767	0	0	0	0	0.000157249	0
ASV5822	0.000157249	0	0	0	0	0
ASV2077	0	0	0.000157249	0	0	0
ASV9620	0	0	0	0.000157249	0	0
ASV8520	0	0	0.000157249	0	0	0
ASV833	0	0	0.000157249	0	0	0
ASV8569	0	0	0.000157249	0	0	0
ASV2565	0.000157249	0	0	0	0	0
ASV9238	0.000157249	0	0	0	0	0
ASV950	0	0	0	0	0.000157249	0
ASV12360	0	0	0	0	0	0.000157249
ASV11303	0	0	0	0.000157249	0	0
ASV12363	0	0	0	0	0	0.000157249
ASV9755	0	0.000157249	0	0	0	0
ASV8549	0	0	0.000157249	0	0	0
ASV1150	0	0	0.000157249	0	0	0
ASV11305	0	0	0	0.000157249	0	0
ASV9754	0	0.000157249	0	0	0	0
ASV9757	0	0.000157249	0	0	0	0
ASV8555	0	0	0.000157249	0	0	0
ASV353	0.000157249	0	0	0	0	0
ASV11308	0	0	0	0.000157249	0	0
ASV9335	0.000157249	0	0	0	0	0
ASV2621	0	0	0	0.000157249	0	0
ASV11309	0	0	0	0.000157249	0	0
ASV11324	0	0	0	0.000157249	0	0
ASV390	0	0	0.000157249	0	0	0
ASV9770	0	0.000157249	0	0	0	0
ASV11332	0	0	0	0.000157249	0	0
ASV11334	0	0	0	0.000157249	0	0
ASV2634	0	0	0	0	0.000157249	0
ASV9772	0	0.000157249	0	0	0	0
ASV11335	0	0	0	0.000157249	0	0
ASV2649	0.000157249	0	0	0	0	0
ASV11328	0	0	0	0.000157249	0	0
ASV9765	0	0.000157249	0	0	0	0
ASV9223	0.000157249	0	0	0	0	0
ASV8579	0	0	0.000157249	0	0	0
ASV11344	0	0	0	0.000157249	0	0
ASV9773	0	0.000157249	0	0	0	0
ASV9231	0.000157249	0	0	0	0	0
ASV9236	0.000157249	0	0	0	0	0
ASV8587	0	0	0.000157249	0	0	0
ASV11362	0	0	0	0.000157249	0	0
ASV11342	0	0	0	0.000157249	0	0
ASV11347	0	0	0	0.000157249	0	0
ASV11372	0	0	0	0.000157249	0	0
ASV9782	0	0.000157249	0	0	0	0
ASV9296	0.000157249	0	0	0	0	0
ASV11370	0	0	0	0.000157249	0	0
ASV9780	0	0.000157249	0	0	0	0
ASV8591	0	0	0.000157249	0	0	0
ASV9252	0.000157249	0	0	0	0	0
ASV11375	0	0	0	0.000157249	0	0
ASV8593	0	0	0.000157249	0	0	0
ASV9250	0.000157249	0	0	0	0	0
ASV9288	0.000157249	0	0	0	0	0
ASV9287	0.000157249	0	0	0	0	0
ASV9289	0.000157249	0	0	0	0	0
ASV9281	0.000157249	0	0	0	0	0
ASV9270	0.000157249	0	0	0	0	0
ASV9278	0.000157249	0	0	0	0	0
ASV9269	0.000157249	0	0	0	0	0
ASV9282	0.000157249	0	0	0	0	0
ASV9279	0.000157249	0	0	0	0	0
ASV9791	0	0.000157249	0	0	0	0
ASV9788	0	0.000157249	0	0	0	0
ASV9324	0.000157249	0	0	0	0	0
ASV9323	0.000157249	0	0	0	0	0
ASV9319	0.000157249	0	0	0	0	0
ASV9315	0.000157249	0	0	0	0	0
ASV9316	0.000157249	0	0	0	0	0
ASV8307	0	0	0	0	0.000157249	0
ASV8304	0	0	0	0	0.000157249	0
ASV9317	0.000157249	0	0	0	0	0
ASV9309	0.000157249	0	0	0	0	0
ASV9332	0.000157249	0	0	0	0	0
ASV9334	0.000157249	0	0	0	0	0
ASV8298	0	0	0	0	0.000157249	0
ASV9314	0.000157249	0	0	0	0	0
ASV9328	0.000157249	0	0	0	0	0
ASV8315	0	0	0	0	0.000157249	0
ASV8319	0	0	0	0	0.000157249	0
ASV8311	0	0	0	0	0.000157249	0
ASV8308	0	0	0	0	0.000157249	0
ASV8316	0	0	0	0	0.000157249	0
ASV9308	0.000157249	0	0	0	0	0
ASV8305	0	0	0	0	0.000157249	0
ASV8300	0	0	0	0	0.000157249	0
ASV8296	0	0	0	0	0.000157249	0
ASV9304	0.000157249	0	0	0	0	0
ASV9330	0.000157249	0	0	0	0	0
ASV8318	0	0	0	0	0.000157249	0
ASV8302	0	0	0	0	0.000157249	0
ASV9322	0.000157249	0	0	0	0	0
ASV8312	0	0	0	0	0.000157249	0
ASV9800	0	0.000157249	0	0	0	0
ASV8299	0	0	0	0	0.000157249	0
ASV9331	0.000157249	0	0	0	0	0
ASV8313	0	0	0	0	0.000157249	0
ASV8309	0	0	0	0	0.000157249	0
ASV356	0	7.86E-05	0	0	7.86E-05	0
ASV8637	7.86E-05	0	7.86E-05	0	0	0
ASV150	0	0	0.000104833	0	5.24E-05	0
ASV1688	0	0	0	0.000104833	0	5.24E-05
ASV8751	0.000104833	0	5.24E-05	0	0	0
ASV8765	0.000104833	0	5.24E-05	0	0	0
ASV8358	5.24E-05	0	0	0	0.000104833	0
ASV546	0	0	0	0	0.000131041	0
ASV2613	0	0	0	0	0	0.000131041
ASV4916	0	0	0	0	0	0.000131041
ASV188	0	0	0	0.000131041	0	0
ASV951	0	0	0	0.000131041	0	0
ASV1184	0	0	0	0.000131041	0	0
ASV217	0.000131041	0	0	0	0	0
ASV1855	0	0	0	0.000131041	0	0
ASV229	0	0	0	0	0.000131041	0
ASV4033	0	0	0	0	0.000131041	0
ASV453	0	0	0.000131041	0	0	0
ASV209	0	0.000131041	0	0	0	0
ASV4054	0	0	0	0	0	0.000131041
ASV2776	0	0	0	0.000131041	0	0
ASV6910	0	0	0	0.000131041	0	0
ASV1449	0	0	0.000131041	0	0	0
ASV1634	0	0	0	0.000131041	0	0
ASV7481	0	0	0	0.000131041	0	0
ASV2496	0	0	0.000131041	0	0	0
ASV9758	0	0.000131041	0	0	0	0
ASV6982	0	0	0	0.000131041	0	0
ASV2137	0	0	0	0.000131041	0	0
ASV7495	0	0	0.000131041	0	0	0
ASV9748	0	0.000131041	0	0	0	0
ASV7517	0	0	0	0.000131041	0	0
ASV7548	0	0	0	0.000131041	0	0
ASV4597	0	0	0.000131041	0	0	0
ASV6027	0.000131041	0	0	0	0	0
ASV346	0	0	0	0.000131041	0	0
ASV7916	0	0	0	0	0.000131041	0
ASV6972	0	0	0	0.000131041	0	0
ASV5916	0	0	0	0	0	0.000131041
ASV11301	0	0	0	0.000131041	0	0
ASV2681	0	0	0	0.000131041	0	0
ASV1047	0	0	0	0.000131041	0	0
ASV12366	0	0	0	0	0	0.000131041
ASV11315	0	0	0	0.000131041	0	0
ASV7844	0	0	0	0.000131041	0	0
ASV11325	0	0	0	0.000131041	0	0
ASV9764	0	0.000131041	0	0	0	0
ASV11327	0	0	0	0.000131041	0	0
ASV9760	0	0.000131041	0	0	0	0
ASV8570	0	0	0.000131041	0	0	0
ASV11329	0	0	0	0.000131041	0	0
ASV8327	0	0	0	0	0.000131041	0
ASV9214	0.000131041	0	0	0	0	0
ASV9766	0	0.000131041	0	0	0	0
ASV8612	0	0	0.000131041	0	0	0
ASV8341	0	0	0	0	0.000131041	0
ASV8572	0	0	0.000131041	0	0	0
ASV12370	0	0	0	0	0	0.000131041
ASV11333	0	0	0	0.000131041	0	0
ASV11337	0	0	0	0.000131041	0	0
ASV12369	0	0	0	0	0	0.000131041
ASV8586	0	0	0.000131041	0	0	0
ASV11351	0	0	0	0.000131041	0	0
ASV8580	0	0	0.000131041	0	0	0
ASV11357	0	0	0	0.000131041	0	0
ASV11363	0	0	0	0.000131041	0	0
ASV11349	0	0	0	0.000131041	0	0
ASV11358	0	0	0	0.000131041	0	0
ASV11360	0	0	0	0.000131041	0	0
ASV8585	0	0	0.000131041	0	0	0
ASV8588	0	0	0.000131041	0	0	0
ASV9778	0	0.000131041	0	0	0	0
ASV11361	0	0	0	0.000131041	0	0
ASV8597	0	0	0.000131041	0	0	0
ASV11366	0	0	0	0.000131041	0	0
ASV8595	0	0	0.000131041	0	0	0
ASV8596	0	0	0.000131041	0	0	0
ASV9783	0	0.000131041	0	0	0	0
ASV9265	0.000131041	0	0	0	0	0
ASV8598	0	0	0.000131041	0	0	0
ASV11377	0	0	0	0.000131041	0	0
ASV11373	0	0	0	0.000131041	0	0
ASV11371	0	0	0	0.000131041	0	0
ASV9779	0	0.000131041	0	0	0	0
ASV11380	0	0	0	0.000131041	0	0
ASV11379	0	0	0	0.000131041	0	0
ASV8607	0	0	0.000131041	0	0	0
ASV9271	0.000131041	0	0	0	0	0
ASV11398	0	0	0	0.000131041	0	0
ASV8616	0	0	0.000131041	0	0	0
ASV11395	0	0	0	0.000131041	0	0
ASV8608	0	0	0.000131041	0	0	0
ASV9292	0.000131041	0	0	0	0	0
ASV9293	0.000131041	0	0	0	0	0
ASV11396	0	0	0	0.000131041	0	0
ASV8617	0	0	0.000131041	0	0	0
ASV11391	0	0	0	0.000131041	0	0
ASV9787	0	0.000131041	0	0	0	0
ASV8600	0	0	0.000131041	0	0	0
ASV9790	0	0.000131041	0	0	0	0
ASV9284	0.000131041	0	0	0	0	0
ASV9786	0	0.000131041	0	0	0	0
ASV9325	0.000131041	0	0	0	0	0
ASV11416	0	0	0	0.000131041	0	0
ASV11404	0	0	0	0.000131041	0	0
ASV9326	0.000131041	0	0	0	0	0
ASV11406	0	0	0	0.000131041	0	0
ASV9320	0.000131041	0	0	0	0	0
ASV11412	0	0	0	0.000131041	0	0
ASV9327	0.000131041	0	0	0	0	0
ASV9295	0.000131041	0	0	0	0	0
ASV9339	0.000131041	0	0	0	0	0
ASV8628	0	0	0.000131041	0	0	0
ASV11417	0	0	0	0.000131041	0	0
ASV9808	0	0.000131041	0	0	0	0
ASV9303	0.000131041	0	0	0	0	0
ASV9321	0.000131041	0	0	0	0	0
ASV8622	0	0	0.000131041	0	0	0
ASV9302	0.000131041	0	0	0	0	0
ASV9801	0	0.000131041	0	0	0	0
ASV9307	0.000131041	0	0	0	0	0
ASV11411	0	0	0	0.000131041	0	0
ASV8632	0	0	0.000131041	0	0	0
ASV9298	0.000131041	0	0	0	0	0
ASV11400	0	0	0	0.000131041	0	0
ASV11418	0	0	0	0.000131041	0	0
ASV9340	0.000131041	0	0	0	0	0
ASV9306	0.000131041	0	0	0	0	0
ASV11410	0	0	0	0.000131041	0	0
ASV8633	0	0	0.000131041	0	0	0
ASV8639	0	0	0.000131041	0	0	0
ASV9297	0.000131041	0	0	0	0	0
ASV9798	0	0.000131041	0	0	0	0
ASV9318	0.000131041	0	0	0	0	0
ASV8323	0	0	0	0	0.000131041	0
ASV9341	0.000131041	0	0	0	0	0
ASV8329	0	0	0	0	0.000131041	0
ASV9372	0.000131041	0	0	0	0	0
ASV8665	0	0	0.000131041	0	0	0
ASV9369	0.000131041	0	0	0	0	0
ASV9345	0.000131041	0	0	0	0	0
ASV8342	0	0	0	0	0.000131041	0
ASV9355	0.000131041	0	0	0	0	0
ASV11444	0	0	0	0.000131041	0	0
ASV8328	0	0	0	0	0.000131041	0
ASV9366	0.000131041	0	0	0	0	0
ASV8334	0	0	0	0	0.000131041	0
ASV9822	0	0.000131041	0	0	0	0
ASV9362	0.000131041	0	0	0	0	0
ASV8338	0	0	0	0	0.000131041	0
ASV8337	0	0	0	0	0.000131041	0
ASV8325	0	0	0	0	0.000131041	0
ASV8330	0	0	0	0	0.000131041	0
ASV8321	0	0	0	0	0.000131041	0
ASV9352	0.000131041	0	0	0	0	0
ASV8339	0	0	0	0	0.000131041	0
ASV8320	0	0	0	0	0.000131041	0
ASV8681	0	0	0.000131041	0	0	0
ASV8343	0	0	0	0	0.000131041	0
ASV8345	0	0	0	0	0.000131041	0
ASV8336	0	0	0	0	0.000131041	0
ASV8333	0	0	0	0	0.000131041	0
ASV9344	0.000131041	0	0	0	0	0
ASV9346	0.000131041	0	0	0	0	0
ASV11436	0	0	0	0.000131041	0	0
ASV8326	0	0	0	0	0.000131041	0
ASV8335	0	0	0	0	0.000131041	0
ASV8340	0	0	0	0	0.000131041	0
ASV9363	0.000131041	0	0	0	0	0
ASV9364	0.000131041	0	0	0	0	0
ASV9343	0.000131041	0	0	0	0	0
ASV8322	0	0	0	0	0.000131041	0
ASV8669	0	0	0.000131041	0	0	0
ASV8344	0	0	0	0	0.000131041	0
ASV1279	0	0	7.86E-05	5.24E-05	0	0
ASV5407	0	0	0	7.86E-05	5.24E-05	0
ASV3433	0	0	7.86E-05	5.24E-05	0	0
ASV5556	7.86E-05	5.24E-05	0	0	0	0
ASV221	0	0	0	7.86E-05	0	5.24E-05
ASV2010	5.24E-05	7.86E-05	0	0	0	0
ASV8713	0	7.86E-05	5.24E-05	0	0	0
ASV9418	7.86E-05	0	0	5.24E-05	0	0
ASV8422	0	0	0	5.24E-05	7.86E-05	0
ASV8440	0	0	5.24E-05	0	7.86E-05	0
ASV8406	5.24E-05	0	0	0	7.86E-05	0
ASV105	0	0.000104833	0	0	0	2.62E-05
ASV4580	0	0	2.62E-05	0	0.000104833	0
ASV11606	0	0	0	2.62E-05	0	0.000104833
ASV4729	0	0.000104833	0	2.62E-05	0	0
ASV8349	0	0	2.62E-05	0	0.000104833	0
ASV9520	2.62E-05	0	0	0.000104833	0	0
ASV8355	0	0	0	2.62E-05	0.000104833	0
ASV151	5.24E-05	0	5.24E-05	0	0	0
ASV2774	5.24E-05	0	0	5.24E-05	0	0
ASV8695	0	0	5.24E-05	5.24E-05	0	0
ASV9374	7.86E-05	0	0	2.62E-05	0	0
ASV8466	5.24E-05	0	0	0	5.24E-05	0
ASV1131	0	0	0	0	0.000104833	0
ASV1486	0	0	0	0.000104833	0	0
ASV4604	0	0	0	0	0	0.000104833
ASV7139	0	0	0	0	0	0.000104833
ASV1864	0	0	0.000104833	0	0	0
ASV4042	0	0	0	0	0	0.000104833
ASV1876	0	0	0.000104833	0	0	0
ASV4575	0	0.000104833	0	0	0	0
ASV1641	0	0	0	0	0	0.000104833
ASV1865	0	0	0	0	0	0.000104833
ASV647	0.000104833	0	0	0	0	0
ASV5256	0	0	0	0	0	0.000104833
ASV7460	0	0.000104833	0	0	0	0
ASV7482	0	0	0	0	0	0.000104833
ASV4165	0	0	0	0.000104833	0	0
ASV4608	0	0	0.000104833	0	0	0
ASV5856	0	0	0	0.000104833	0	0
ASV251	0	0	0	0.000104833	0	0
ASV6200	0	0	0	0.000104833	0	0
ASV2207	0	0	0.000104833	0	0	0
ASV3451	0	0	0	0.000104833	0	0
ASV6011	0	0	0.000104833	0	0	0
ASV3933	0	0	0.000104833	0	0	0
ASV5668	0.000104833	0	0	0	0	0
ASV2063	0.000104833	0	0	0	0	0
ASV12379	0	0	0	0	0	0.000104833
ASV7812	0	0	0	0.000104833	0	0
ASV285	0	0	0.000104833	0	0	0
ASV10917	0	0	0	0	0	0.000104833
ASV6927	0	0.000104833	0	0	0	0
ASV2089	0.000104833	0	0	0	0	0
ASV7220	0	0	0.000104833	0	0	0
ASV8365	0	0	0	0	0.000104833	0
ASV7118	0.000104833	0	0	0	0	0
ASV5046	0	0	0	0.000104833	0	0
ASV7570	0	0	0	0	0.000104833	0
ASV9810	0	0.000104833	0	0	0	0
ASV855	0.000104833	0	0	0	0	0
ASV9768	0	0.000104833	0	0	0	0
ASV11330	0	0	0	0.000104833	0	0
ASV12368	0	0	0	0	0	0.000104833
ASV8581	0	0	0.000104833	0	0	0
ASV11343	0	0	0	0.000104833	0	0
ASV883	0.000104833	0	0	0	0	0
ASV11356	0	0	0	0.000104833	0	0
ASV8584	0	0	0.000104833	0	0	0
ASV884	0.000104833	0	0	0	0	0
ASV886	0	0	0	0	0.000104833	0
ASV11346	0	0	0	0.000104833	0	0
ASV6984	0	0	0	0.000104833	0	0
ASV11353	0	0	0	0.000104833	0	0
ASV11365	0	0	0	0.000104833	0	0
ASV8599	0	0	0.000104833	0	0	0
ASV11369	0	0	0	0.000104833	0	0
ASV11368	0	0	0	0.000104833	0	0
ASV9784	0	0.000104833	0	0	0	0
ASV9421	0.000104833	0	0	0	0	0
ASV8594	0	0	0.000104833	0	0	0
ASV8618	0	0	0.000104833	0	0	0
ASV8605	0	0	0.000104833	0	0	0
ASV9793	0	0.000104833	0	0	0	0
ASV8619	0	0	0.000104833	0	0	0
ASV11397	0	0	0	0.000104833	0	0
ASV8614	0	0	0.000104833	0	0	0
ASV11392	0	0	0	0.000104833	0	0
ASV8602	0	0	0.000104833	0	0	0
ASV11393	0	0	0	0.000104833	0	0
ASV11394	0	0	0	0.000104833	0	0
ASV8609	0	0	0.000104833	0	0	0
ASV11383	0	0	0	0.000104833	0	0
ASV11384	0	0	0	0.000104833	0	0
ASV11386	0	0	0	0.000104833	0	0
ASV9792	0	0.000104833	0	0	0	0
ASV12381	0	0	0	0	0	0.000104833
ASV11403	0	0	0	0.000104833	0	0
ASV9805	0	0.000104833	0	0	0	0
ASV8630	0	0	0.000104833	0	0	0
ASV12383	0	0	0	0	0	0.000104833
ASV9337	0.000104833	0	0	0	0	0
ASV11422	0	0	0	0.000104833	0	0
ASV9795	0	0.000104833	0	0	0	0
ASV9796	0	0.000104833	0	0	0	0
ASV9329	0.000104833	0	0	0	0	0
ASV9807	0	0.000104833	0	0	0	0
ASV9310	0.000104833	0	0	0	0	0
ASV11420	0	0	0	0.000104833	0	0
ASV9794	0	0.000104833	0	0	0	0
ASV8634	0	0	0.000104833	0	0	0
ASV8640	0	0	0.000104833	0	0	0
ASV9806	0	0.000104833	0	0	0	0
ASV9338	0.000104833	0	0	0	0	0
ASV9312	0.000104833	0	0	0	0	0
ASV11423	0	0	0	0.000104833	0	0
ASV8641	0	0	0.000104833	0	0	0
ASV9802	0	0.000104833	0	0	0	0
ASV9305	0.000104833	0	0	0	0	0
ASV8621	0	0	0.000104833	0	0	0
ASV12392	0	0	0	0	0	0.000104833
ASV11421	0	0	0	0.000104833	0	0
ASV11409	0	0	0	0.000104833	0	0
ASV12393	0	0	0	0	0	0.000104833
ASV8624	0	0	0.000104833	0	0	0
ASV11447	0	0	0	0.000104833	0	0
ASV9368	0.000104833	0	0	0	0	0
ASV9348	0.000104833	0	0	0	0	0
ASV9821	0	0.000104833	0	0	0	0
ASV9819	0	0.000104833	0	0	0	0
ASV11451	0	0	0	0.000104833	0	0
ASV12401	0	0	0	0	0	0.000104833
ASV8667	0	0	0.000104833	0	0	0
ASV11442	0	0	0	0.000104833	0	0
ASV11429	0	0	0	0.000104833	0	0
ASV9370	0.000104833	0	0	0	0	0
ASV9365	0.000104833	0	0	0	0	0
ASV8676	0	0	0.000104833	0	0	0
ASV9358	0.000104833	0	0	0	0	0
ASV8672	0	0	0.000104833	0	0	0
ASV9354	0.000104833	0	0	0	0	0
ASV8658	0	0	0.000104833	0	0	0
ASV8645	0	0	0.000104833	0	0	0
ASV11445	0	0	0	0.000104833	0	0
ASV8663	0	0	0.000104833	0	0	0
ASV9347	0.000104833	0	0	0	0	0
ASV9360	0.000104833	0	0	0	0	0
ASV9356	0.000104833	0	0	0	0	0
ASV9350	0.000104833	0	0	0	0	0
ASV11452	0	0	0	0.000104833	0	0
ASV9359	0.000104833	0	0	0	0	0
ASV11438	0	0	0	0.000104833	0	0
ASV9349	0.000104833	0	0	0	0	0
ASV12404	0	0	0	0	0	0.000104833
ASV8666	0	0	0.000104833	0	0	0
ASV9826	0	0.000104833	0	0	0	0
ASV9342	0.000104833	0	0	0	0	0
ASV9361	0.000104833	0	0	0	0	0
ASV8680	0	0	0.000104833	0	0	0
ASV8677	0	0	0.000104833	0	0	0
ASV8678	0	0	0.000104833	0	0	0
ASV9815	0	0.000104833	0	0	0	0
ASV11440	0	0	0	0.000104833	0	0
ASV8670	0	0	0.000104833	0	0	0
ASV8656	0	0	0.000104833	0	0	0
ASV9848	0	0.000104833	0	0	0	0
ASV9424	0.000104833	0	0	0	0	0
ASV9416	0.000104833	0	0	0	0	0
ASV9375	0.000104833	0	0	0	0	0
ASV8683	0	0	0.000104833	0	0	0
ASV11468	0	0	0	0.000104833	0	0
ASV9378	0.000104833	0	0	0	0	0
ASV8346	0	0	0	0	0.000104833	0
ASV11495	0	0	0	0.000104833	0	0
ASV8370	0	0	0	0	0.000104833	0
ASV8371	0	0	0	0	0.000104833	0
ASV8360	0	0	0	0	0.000104833	0
ASV9397	0.000104833	0	0	0	0	0
ASV9385	0.000104833	0	0	0	0	0
ASV8700	0	0	0.000104833	0	0	0
ASV9381	0.000104833	0	0	0	0	0
ASV8356	0	0	0	0	0.000104833	0
ASV8351	0	0	0	0	0.000104833	0
ASV8361	0	0	0	0	0.000104833	0
ASV11470	0	0	0	0.000104833	0	0
ASV9395	0.000104833	0	0	0	0	0
ASV8373	0	0	0	0	0.000104833	0
ASV9855	0	0.000104833	0	0	0	0
ASV9388	0.000104833	0	0	0	0	0
ASV8379	0	0	0	0	0.000104833	0
ASV9427	0.000104833	0	0	0	0	0
ASV9413	0.000104833	0	0	0	0	0
ASV8348	0	0	0	0	0.000104833	0
ASV8364	0	0	0	0	0.000104833	0
ASV8368	0	0	0	0	0.000104833	0
ASV8375	0	0	0	0	0.000104833	0
ASV8369	0	0	0	0	0.000104833	0
ASV11500	0	0	0	0.000104833	0	0
ASV8377	0	0	0	0	0.000104833	0
ASV8718	0	0	0.000104833	0	0	0
ASV9390	0.000104833	0	0	0	0	0
ASV9420	0.000104833	0	0	0	0	0
ASV8359	0	0	0	0	0.000104833	0
ASV8688	0	0	0.000104833	0	0	0
ASV9400	0.000104833	0	0	0	0	0
ASV9857	0	0.000104833	0	0	0	0
ASV9376	0.000104833	0	0	0	0	0
ASV8350	0	0	0	0	0.000104833	0
ASV9407	0.000104833	0	0	0	0	0
ASV9412	0.000104833	0	0	0	0	0
ASV8347	0	0	0	0	0.000104833	0
ASV8362	0	0	0	0	0.000104833	0
ASV9844	0	0.000104833	0	0	0	0
ASV9377	0.000104833	0	0	0	0	0
ASV9403	0.000104833	0	0	0	0	0
ASV8354	0	0	0	0	0.000104833	0
ASV8380	0	0	0	0	0.000104833	0
ASV8381	0	0	0	0	0.000104833	0
ASV8357	0	0	0	0	0.000104833	0
ASV8353	0	0	0	0	0.000104833	0
ASV9410	0.000104833	0	0	0	0	0
ASV8367	0	0	0	0	0.000104833	0
ASV11511	0	0	0	0.000104833	0	0
ASV8376	0	0	0	0	0.000104833	0
ASV8366	0	0	0	0	0.000104833	0
ASV9422	0.000104833	0	0	0	0	0
ASV8363	0	0	0	0	0.000104833	0
ASV9404	0.000104833	0	0	0	0	0
ASV9386	0.000104833	0	0	0	0	0
ASV8702	0	0	0.000104833	0	0	0
ASV11498	0	0	0	0.000104833	0	0
ASV8372	0	0	0	0	0.000104833	0
ASV8685	0	0	0.000104833	0	0	0
ASV9405	0.000104833	0	0	0	0	0
ASV9831	0	0.000104833	0	0	0	0
ASV8352	0	0	0	0	0.000104833	0
ASV3145	7.86E-05	0	0	0	0	0
ASV88	0	0	0	7.86E-05	0	0
ASV1454	0	7.86E-05	0	0	0	0
ASV709	0	0	0	0	7.86E-05	0
ASV4175	0	0	0	0	7.86E-05	0
ASV4940	0	7.86E-05	0	0	0	0
ASV162	0	0	0	0	7.86E-05	0
ASV662	0	0	0	7.86E-05	0	0
ASV2768	0	0	0	7.86E-05	0	0
ASV198	0	0	0	0	7.86E-05	0
ASV815	0	0	0	7.86E-05	0	0
ASV995	0	0	0	7.86E-05	0	0
ASV1663	0	0	7.86E-05	0	0	0
ASV178	0	7.86E-05	0	0	0	0
ASV139	0	0	0	7.86E-05	0	0
ASV4910	0	7.86E-05	0	0	0	0
ASV296	0	0	7.86E-05	0	0	0
ASV2204	0	7.86E-05	0	0	0	0
ASV1314	0	0	0	7.86E-05	0	0
ASV2340	0	0	0	7.86E-05	0	0
ASV1427	0	0	0	7.86E-05	0	0
ASV1231	0	0	0	7.86E-05	0	0
ASV242	0	0	0	0	7.86E-05	0
ASV1482	0	0	0	0	7.86E-05	0
ASV6188	0	0	0	7.86E-05	0	0
ASV1810	0	0	0	7.86E-05	0	0
ASV5947	0	0	0	7.86E-05	0	0
ASV4098	0	0	0	0	7.86E-05	0
ASV946	0	7.86E-05	0	0	0	0
ASV1987	0	0	0	0	0	7.86E-05
ASV8772	0	0	7.86E-05	0	0	0
ASV5915	0	0	7.86E-05	0	0	0
ASV5123	0	0	0	0	7.86E-05	0
ASV1016	0	7.86E-05	0	0	0	0
ASV5794	0	0	0	7.86E-05	0	0
ASV3504	0	0	0	7.86E-05	0	0
ASV8613	0	0	7.86E-05	0	0	0
ASV3948	0	0	0	7.86E-05	0	0
ASV11415	0	0	0	7.86E-05	0	0
ASV11461	0	0	0	7.86E-05	0	0
ASV11491	0	0	0	7.86E-05	0	0
ASV4437	0	0	0	7.86E-05	0	0
ASV4311	0	7.86E-05	0	0	0	0
ASV1330	0	0	7.86E-05	0	0	0
ASV12357	0	0	0	0	0	7.86E-05
ASV861	0	0	0	7.86E-05	0	0
ASV12365	0	0	0	0	0	7.86E-05
ASV7618	0	0	0	7.86E-05	0	0
ASV10931	0	0	0	7.86E-05	0	0
ASV6590	0	0	7.86E-05	0	0	0
ASV11321	0	0	0	7.86E-05	0	0
ASV8960	0	0	0	7.86E-05	0	0
ASV7654	0	0	0	7.86E-05	0	0
ASV8603	0	0	7.86E-05	0	0	0
ASV11314	0	0	0	7.86E-05	0	0
ASV402	0	0	0	7.86E-05	0	0
ASV12371	0	0	0	0	0	7.86E-05
ASV11331	0	0	0	7.86E-05	0	0
ASV8582	0	0	7.86E-05	0	0	0
ASV9839	0	7.86E-05	0	0	0	0
ASV9774	0	7.86E-05	0	0	0	0
ASV11378	0	0	0	7.86E-05	0	0
ASV1153	0	0	0	7.86E-05	0	0
ASV11374	0	0	0	7.86E-05	0	0
ASV12373	0	0	0	0	0	7.86E-05
ASV11376	0	0	0	7.86E-05	0	0
ASV9854	0	2.62E-05	0	5.24E-05	0	0
ASV7746	0	0	0	7.86E-05	0	0
ASV11364	0	0	0	7.86E-05	0	0
ASV5675	0	0	7.86E-05	0	0	0
ASV12376	0	0	0	0	0	7.86E-05
ASV11381	0	0	0	7.86E-05	0	0
ASV11367	0	0	0	7.86E-05	0	0
ASV12374	0	0	0	0	0	7.86E-05
ASV12378	0	0	0	0	0	7.86E-05
ASV8606	0	0	7.86E-05	0	0	0
ASV11387	0	0	0	7.86E-05	0	0
ASV11382	0	0	0	7.86E-05	0	0
ASV9291	7.86E-05	0	0	0	0	0
ASV11399	0	0	0	7.86E-05	0	0
ASV2663	7.86E-05	0	0	0	0	0
ASV12377	0	0	0	0	0	7.86E-05
ASV12380	0	0	0	0	0	7.86E-05
ASV3078	7.86E-05	0	0	0	0	0
ASV8631	0	0	7.86E-05	0	0	0
ASV12384	0	0	0	0	0	7.86E-05
ASV8625	0	0	7.86E-05	0	0	0
ASV11413	0	0	0	7.86E-05	0	0
ASV9797	0	7.86E-05	0	0	0	0
ASV12390	0	0	0	0	0	7.86E-05
ASV11419	0	0	0	7.86E-05	0	0
ASV8623	0	0	7.86E-05	0	0	0
ASV8629	0	0	7.86E-05	0	0	0
ASV12395	0	0	0	0	0	7.86E-05
ASV9881	0	5.24E-05	0	2.62E-05	0	0
ASV8642	0	0	7.86E-05	0	0	0
ASV11407	0	0	0	7.86E-05	0	0
ASV8626	0	0	7.86E-05	0	0	0
ASV9804	0	7.86E-05	0	0	0	0
ASV11405	0	0	0	7.86E-05	0	0
ASV9333	7.86E-05	0	0	0	0	0
ASV9803	0	7.86E-05	0	0	0	0
ASV12382	0	0	0	0	0	7.86E-05
ASV12391	0	0	0	0	0	7.86E-05
ASV11414	0	0	0	7.86E-05	0	0
ASV11433	0	0	0	7.86E-05	0	0
ASV11455	0	0	0	7.86E-05	0	0
ASV9824	0	7.86E-05	0	0	0	0
ASV9820	0	7.86E-05	0	0	0	0
ASV11425	0	0	0	7.86E-05	0	0
ASV9816	0	7.86E-05	0	0	0	0
ASV8652	0	0	7.86E-05	0	0	0
ASV8659	0	0	7.86E-05	0	0	0
ASV11427	0	0	0	7.86E-05	0	0
ASV8660	0	0	7.86E-05	0	0	0
ASV8655	0	0	7.86E-05	0	0	0
ASV11454	0	0	0	7.86E-05	0	0
ASV8643	0	0	7.86E-05	0	0	0
ASV11448	0	0	0	7.86E-05	0	0
ASV9357	7.86E-05	0	0	0	0	0
ASV12410	0	0	0	0	0	7.86E-05
ASV11431	0	0	0	7.86E-05	0	0
ASV9353	7.86E-05	0	0	0	0	0
ASV9823	0	7.86E-05	0	0	0	0
ASV9371	7.86E-05	0	0	0	0	0
ASV9828	0	7.86E-05	0	0	0	0
ASV8415	0	0	0	0	7.86E-05	0
ASV11453	0	0	0	7.86E-05	0	0
ASV11435	0	0	0	7.86E-05	0	0
ASV9818	0	7.86E-05	0	0	0	0
ASV11428	0	0	0	7.86E-05	0	0
ASV9367	7.86E-05	0	0	0	0	0
ASV11437	0	0	0	7.86E-05	0	0
ASV9827	0	7.86E-05	0	0	0	0
ASV8654	0	0	7.86E-05	0	0	0
ASV11449	0	0	0	7.86E-05	0	0
ASV11432	0	0	0	7.86E-05	0	0
ASV8650	0	0	7.86E-05	0	0	0
ASV9809	0	7.86E-05	0	0	0	0
ASV8673	0	0	7.86E-05	0	0	0
ASV9825	0	7.86E-05	0	0	0	0
ASV9811	0	7.86E-05	0	0	0	0
ASV8661	0	0	7.86E-05	0	0	0
ASV8649	0	0	7.86E-05	0	0	0
ASV8646	0	0	7.86E-05	0	0	0
ASV11488	0	0	0	7.86E-05	0	0
ASV11492	0	0	0	7.86E-05	0	0
ASV11463	0	0	0	7.86E-05	0	0
ASV11490	0	0	0	7.86E-05	0	0
ASV9384	7.86E-05	0	0	0	0	0
ASV8722	0	0	7.86E-05	0	0	0
ASV11480	0	0	0	7.86E-05	0	0
ASV8696	0	0	7.86E-05	0	0	0
ASV11507	0	0	0	7.86E-05	0	0
ASV11509	0	0	0	7.86E-05	0	0
ASV11467	0	0	0	7.86E-05	0	0
ASV8477	0	2.62E-05	0	0	5.24E-05	0
ASV9849	0	7.86E-05	0	0	0	0
ASV8720	0	0	7.86E-05	0	0	0
ASV8717	0	0	7.86E-05	0	0	0
ASV8699	0	0	7.86E-05	0	0	0
ASV9391	7.86E-05	0	0	0	0	0
ASV11505	0	0	0	7.86E-05	0	0
ASV11472	0	0	0	7.86E-05	0	0
ASV11497	0	0	0	7.86E-05	0	0
ASV11477	0	0	0	7.86E-05	0	0
ASV8694	0	0	7.86E-05	0	0	0
ASV9832	0	7.86E-05	0	0	0	0
ASV8715	0	0	7.86E-05	0	0	0
ASV9856	0	7.86E-05	0	0	0	0
ASV9380	7.86E-05	0	0	0	0	0
ASV11494	0	0	0	7.86E-05	0	0
ASV12426	0	0	0	0	0	7.86E-05
ASV9829	0	7.86E-05	0	0	0	0
ASV8698	0	0	7.86E-05	0	0	0
ASV11474	0	0	0	7.86E-05	0	0
ASV9835	0	7.86E-05	0	0	0	0
ASV9426	7.86E-05	0	0	0	0	0
ASV11459	0	0	0	7.86E-05	0	0
ASV8706	0	0	7.86E-05	0	0	0
ASV9406	7.86E-05	0	0	0	0	0
ASV9423	7.86E-05	0	0	0	0	0
ASV9392	7.86E-05	0	0	0	0	0
ASV9408	7.86E-05	0	0	0	0	0
ASV8719	0	0	7.86E-05	0	0	0
ASV9379	7.86E-05	0	0	0	0	0
ASV11483	0	0	0	7.86E-05	0	0
ASV9417	7.86E-05	0	0	0	0	0
ASV9415	7.86E-05	0	0	0	0	0
ASV9394	7.86E-05	0	0	0	0	0
ASV8693	0	0	7.86E-05	0	0	0
ASV9383	7.86E-05	0	0	0	0	0
ASV11457	0	0	0	7.86E-05	0	0
ASV12419	0	0	0	0	0	7.86E-05
ASV9845	0	7.86E-05	0	0	0	0
ASV8684	0	0	7.86E-05	0	0	0
ASV11475	0	0	0	7.86E-05	0	0
ASV11485	0	0	0	7.86E-05	0	0
ASV8710	0	0	7.86E-05	0	0	0
ASV9411	7.86E-05	0	0	0	0	0
ASV12421	0	0	0	0	0	7.86E-05
ASV8701	0	0	7.86E-05	0	0	0
ASV8714	0	0	7.86E-05	0	0	0
ASV8709	0	0	7.86E-05	0	0	0
ASV9842	0	7.86E-05	0	0	0	0
ASV11482	0	0	0	7.86E-05	0	0
ASV9399	7.86E-05	0	0	0	0	0
ASV9393	7.86E-05	0	0	0	0	0
ASV9389	7.86E-05	0	0	0	0	0
ASV9836	0	7.86E-05	0	0	0	0
ASV9396	7.86E-05	0	0	0	0	0
ASV8716	0	0	7.86E-05	0	0	0
ASV9436	7.86E-05	0	0	0	0	0
ASV9898	0	7.86E-05	0	0	0	0
ASV8389	0	0	0	0	7.86E-05	0
ASV8434	0	0	0	0	7.86E-05	0
ASV9873	0	7.86E-05	0	0	0	0
ASV9429	7.86E-05	0	0	0	0	0
ASV12462	0	0	0	0	0	7.86E-05
ASV8413	0	0	0	0	7.86E-05	0
ASV8421	0	0	0	0	7.86E-05	0
ASV9496	7.86E-05	0	0	0	0	0
ASV8399	0	0	0	0	7.86E-05	0
ASV8416	0	0	0	0	7.86E-05	0
ASV8437	0	0	0	0	7.86E-05	0
ASV11515	0	0	0	7.86E-05	0	0
ASV9896	0	7.86E-05	0	0	0	0
ASV8398	0	0	0	0	7.86E-05	0
ASV9435	7.86E-05	0	0	0	0	0
ASV8402	0	0	0	0	7.86E-05	0
ASV9470	7.86E-05	0	0	0	0	0
ASV8384	0	0	0	0	7.86E-05	0
ASV8430	0	0	0	0	7.86E-05	0
ASV9895	0	7.86E-05	0	0	0	0
ASV9428	7.86E-05	0	0	0	0	0
ASV8392	0	0	0	0	7.86E-05	0
ASV9460	7.86E-05	0	0	0	0	0
ASV9449	7.86E-05	0	0	0	0	0
ASV11530	0	0	0	7.86E-05	0	0
ASV8431	0	0	0	0	7.86E-05	0
ASV8385	0	0	0	0	7.86E-05	0
ASV8417	0	0	0	0	7.86E-05	0
ASV8737	0	0	7.86E-05	0	0	0
ASV11531	0	0	0	7.86E-05	0	0
ASV12444	0	0	0	0	0	7.86E-05
ASV8433	0	0	0	0	7.86E-05	0
ASV8755	0	0	7.86E-05	0	0	0
ASV8383	0	0	0	0	7.86E-05	0
ASV8390	0	0	0	0	7.86E-05	0
ASV9446	7.86E-05	0	0	0	0	0
ASV8401	0	0	0	0	7.86E-05	0
ASV9438	7.86E-05	0	0	0	0	0
ASV11559	0	0	0	7.86E-05	0	0
ASV8723	0	0	7.86E-05	0	0	0
ASV8414	0	0	0	0	7.86E-05	0
ASV9458	7.86E-05	0	0	0	0	0
ASV9480	7.86E-05	0	0	0	0	0
ASV8405	0	0	0	0	7.86E-05	0
ASV8412	0	0	0	0	7.86E-05	0
ASV8426	0	0	0	0	7.86E-05	0
ASV8757	0	0	7.86E-05	0	0	0
ASV8738	0	0	7.86E-05	0	0	0
ASV8429	0	0	0	0	7.86E-05	0
ASV8767	0	0	7.86E-05	0	0	0
ASV9463	7.86E-05	0	0	0	0	0
ASV9469	7.86E-05	0	0	0	0	0
ASV8410	0	0	0	0	7.86E-05	0
ASV11543	0	0	0	7.86E-05	0	0
ASV9437	7.86E-05	0	0	0	0	0
ASV8442	0	0	0	0	7.86E-05	0
ASV9455	7.86E-05	0	0	0	0	0
ASV9493	7.86E-05	0	0	0	0	0
ASV9892	0	7.86E-05	0	0	0	0
ASV8438	0	0	0	0	7.86E-05	0
ASV8764	0	0	7.86E-05	0	0	0
ASV9431	7.86E-05	0	0	0	0	0
ASV9863	0	7.86E-05	0	0	0	0
ASV8408	0	0	0	0	7.86E-05	0
ASV8395	0	0	0	0	7.86E-05	0
ASV9495	7.86E-05	0	0	0	0	0
ASV8419	0	0	0	0	7.86E-05	0
ASV9489	7.86E-05	0	0	0	0	0
ASV9478	7.86E-05	0	0	0	0	0
ASV8388	0	0	0	0	7.86E-05	0
ASV9471	7.86E-05	0	0	0	0	0
ASV9488	7.86E-05	0	0	0	0	0
ASV8423	0	0	0	0	7.86E-05	0
ASV8391	0	0	0	0	7.86E-05	0
ASV8409	0	0	0	0	7.86E-05	0
ASV9447	7.86E-05	0	0	0	0	0
ASV8424	0	0	0	0	7.86E-05	0
ASV9477	7.86E-05	0	0	0	0	0
ASV8774	0	0	7.86E-05	0	0	0
ASV9483	7.86E-05	0	0	0	0	0
ASV11553	0	0	0	7.86E-05	0	0
ASV8435	0	0	0	0	7.86E-05	0
ASV8397	0	0	0	0	7.86E-05	0
ASV8428	0	0	0	0	7.86E-05	0
ASV9501	7.86E-05	0	0	0	0	0
ASV8411	0	0	0	0	7.86E-05	0
ASV8441	0	0	0	0	7.86E-05	0
ASV9476	7.86E-05	0	0	0	0	0
ASV8396	0	0	0	0	7.86E-05	0
ASV11538	0	0	0	7.86E-05	0	0
ASV8770	0	0	7.86E-05	0	0	0
ASV8439	0	0	0	0	7.86E-05	0
ASV9903	0	7.86E-05	0	0	0	0
ASV8432	0	0	0	0	7.86E-05	0
ASV8393	0	0	0	0	7.86E-05	0
ASV8400	0	0	0	0	7.86E-05	0
ASV9497	7.86E-05	0	0	0	0	0
ASV9474	7.86E-05	0	0	0	0	0
ASV8775	0	0	7.86E-05	0	0	0
ASV9434	7.86E-05	0	0	0	0	0
ASV11549	0	0	0	7.86E-05	0	0
ASV8387	0	0	0	0	7.86E-05	0
ASV9472	7.86E-05	0	0	0	0	0
ASV8394	0	0	0	0	7.86E-05	0
ASV9464	7.86E-05	0	0	0	0	0
ASV8427	0	0	0	0	7.86E-05	0
ASV9888	0	7.86E-05	0	0	0	0
ASV9902	0	7.86E-05	0	0	0	0
ASV9862	0	7.86E-05	0	0	0	0
ASV8420	0	0	0	0	7.86E-05	0
ASV12474	0	0	0	0	0	7.86E-05
ASV9451	7.86E-05	0	0	0	0	0
ASV9467	7.86E-05	0	0	0	0	0
ASV11550	0	0	0	7.86E-05	0	0
ASV11545	0	0	0	7.86E-05	0	0
ASV9456	7.86E-05	0	0	0	0	0
ASV8404	0	0	0	0	7.86E-05	0
ASV9859	0	7.86E-05	0	0	0	0
ASV8771	0	0	7.86E-05	0	0	0
ASV9861	0	7.86E-05	0	0	0	0
ASV9432	7.86E-05	0	0	0	0	0
ASV9473	7.86E-05	0	0	0	0	0
ASV9459	7.86E-05	0	0	0	0	0
ASV9866	0	7.86E-05	0	0	0	0
ASV9453	7.86E-05	0	0	0	0	0
ASV9494	7.86E-05	0	0	0	0	0
ASV8436	0	0	0	0	7.86E-05	0
ASV12460	0	0	0	0	0	7.86E-05
ASV9867	0	7.86E-05	0	0	0	0
ASV9487	7.86E-05	0	0	0	0	0
ASV9468	7.86E-05	0	0	0	0	0
ASV11536	0	0	0	7.86E-05	0	0
ASV9452	7.86E-05	0	0	0	0	0
ASV8759	0	0	7.86E-05	0	0	0
ASV8425	0	0	0	0	7.86E-05	0
ASV8418	0	0	0	0	7.86E-05	0
ASV9479	7.86E-05	0	0	0	0	0
ASV11555	0	0	0	7.86E-05	0	0
ASV8386	0	0	0	0	7.86E-05	0
ASV11527	0	0	0	7.86E-05	0	0
ASV9880	0	7.86E-05	0	0	0	0
ASV8752	0	0	7.86E-05	0	0	0
ASV64	0	0	5.24E-05	0	0	0
ASV5074	0	0	0	0	0	5.24E-05
ASV359	0	0	5.24E-05	0	0	0
ASV1132	0	0	0	5.24E-05	0	0
ASV2753	0	5.24E-05	0	0	0	0
ASV2114	0	0	0	0	5.24E-05	0
ASV1844	0	0	5.24E-05	0	0	0
ASV1907	0	0	0	5.24E-05	0	0
ASV1661	0	0	5.24E-05	0	0	0
ASV1534	0	0	0	0	0	5.24E-05
ASV955	0	0	0	5.24E-05	0	0
ASV3996	0	0	0	5.24E-05	0	0
ASV1847	0	0	5.24E-05	0	0	0
ASV1626	0	5.24E-05	0	0	0	0
ASV5575	0	0	0	5.24E-05	0	0
ASV6846	5.24E-05	0	0	0	0	0
ASV450	0	0	0	0	5.24E-05	0
ASV5128	0	0	0	0	0	5.24E-05
ASV3011	5.24E-05	0	0	0	0	0
ASV2201	0	0	0	0	0	5.24E-05
ASV3898	0	0	5.24E-05	0	0	0
ASV4635	0	0	0	5.24E-05	0	0
ASV4036	0	0	0	5.24E-05	0	0
ASV2013	5.24E-05	0	0	0	0	0
ASV1383	0	0	5.24E-05	0	0	0
ASV1313	0	0	0	5.24E-05	0	0
ASV1140	0	5.24E-05	0	0	0	0
ASV4968	0	0	5.24E-05	0	0	0
ASV7943	0	0	0	5.24E-05	0	0
ASV2327	0	0	0	5.24E-05	0	0
ASV4390	0	0	0	5.24E-05	0	0
ASV128	0	0	0	0	0	5.24E-05
ASV6864	0	0	0	5.24E-05	0	0
ASV2008	0	0	5.24E-05	0	0	0
ASV7172	0	0	0	0	0	5.24E-05
ASV2046	0	0	0	5.24E-05	0	0
ASV5143	5.24E-05	0	0	0	0	0
ASV9443	5.24E-05	0	0	0	0	0
ASV1976	0	5.24E-05	0	0	0	0
ASV1619	0	0	0	0	0	5.24E-05
ASV1080	0	0	0	5.24E-05	0	0
ASV5135	0	0	0	0	5.24E-05	0
ASV5912	0	0	0	0	5.24E-05	0
ASV4172	0	0	0	0	0	5.24E-05
ASV11140	0	0	0	5.24E-05	0	0
ASV7858	0	0	0	0	0	5.24E-05
ASV1397	5.24E-05	0	0	0	0	0
ASV8679	0	0	5.24E-05	0	0	0
ASV4251	0	5.24E-05	0	0	0	0
ASV5250	0	0	0	5.24E-05	0	0
ASV5886	0	0	0	5.24E-05	0	0
ASV2073	5.24E-05	0	0	0	0	0
ASV11341	0	0	0	5.24E-05	0	0
ASV6309	0	0	5.24E-05	0	0	0
ASV5215	0	0	0	5.24E-05	0	0
ASV12375	0	0	0	0	0	5.24E-05
ASV7617	0	0	0	5.24E-05	0	0
ASV6744	0	0	0	0	5.24E-05	0
ASV9789	0	5.24E-05	0	0	0	0
ASV7066	0	0	0	5.24E-05	0	0
ASV9785	0	5.24E-05	0	0	0	0
ASV2703	0	0	0	5.24E-05	0	0
ASV8610	0	0	5.24E-05	0	0	0
ASV8008	0	0	5.24E-05	0	0	0
ASV12396	0	0	0	0	0	5.24E-05
ASV2715	5.24E-05	0	0	0	0	0
ASV12394	0	0	0	0	0	5.24E-05
ASV11574	0	0	0	5.24E-05	0	0
ASV2230	5.24E-05	0	0	0	0	0
ASV11402	0	0	0	5.24E-05	0	0
ASV11408	0	0	0	5.24E-05	0	0
ASV11401	0	0	0	5.24E-05	0	0
ASV12388	0	0	0	0	0	5.24E-05
ASV10677	0	0	0	5.24E-05	0	0
ASV12387	0	0	0	0	0	5.24E-05
ASV8644	0	0	5.24E-05	0	0	0
ASV12400	0	0	0	0	0	5.24E-05
ASV12408	0	0	0	0	0	5.24E-05
ASV8657	0	0	5.24E-05	0	0	0
ASV11430	0	0	0	5.24E-05	0	0
ASV8664	0	0	5.24E-05	0	0	0
ASV11439	0	0	0	5.24E-05	0	0
ASV8674	0	0	5.24E-05	0	0	0
ASV12402	0	0	0	0	0	5.24E-05
ASV8662	0	0	5.24E-05	0	0	0
ASV12407	0	0	0	0	0	5.24E-05
ASV9812	0	5.24E-05	0	0	0	0
ASV9813	0	5.24E-05	0	0	0	0
ASV11450	0	0	0	5.24E-05	0	0
ASV10041	0	0	0	5.24E-05	0	0
ASV12412	0	0	0	0	0	5.24E-05
ASV12416	0	0	0	0	0	5.24E-05
ASV12397	0	0	0	0	0	5.24E-05
ASV9817	0	5.24E-05	0	0	0	0
ASV8682	0	0	5.24E-05	0	0	0
ASV11443	0	0	0	5.24E-05	0	0
ASV11424	0	0	0	5.24E-05	0	0
ASV8668	0	0	5.24E-05	0	0	0
ASV11446	0	0	0	5.24E-05	0	0
ASV8653	0	0	5.24E-05	0	0	0
ASV11426	0	0	0	5.24E-05	0	0
ASV12398	0	0	0	0	0	5.24E-05
ASV12415	0	0	0	0	0	5.24E-05
ASV12413	0	0	0	0	0	5.24E-05
ASV12411	0	0	0	0	0	5.24E-05
ASV11434	0	0	0	5.24E-05	0	0
ASV11471	0	0	0	5.24E-05	0	0
ASV12437	0	0	0	0	0	5.24E-05
ASV8687	0	0	5.24E-05	0	0	0
ASV11510	0	0	0	5.24E-05	0	0
ASV9419	5.24E-05	0	0	0	0	0
ASV9841	0	5.24E-05	0	0	0	0
ASV9409	5.24E-05	0	0	0	0	0
ASV9851	0	5.24E-05	0	0	0	0
ASV11481	0	0	0	5.24E-05	0	0
ASV9414	5.24E-05	0	0	0	0	0
ASV9853	0	5.24E-05	0	0	0	0
ASV9398	5.24E-05	0	0	0	0	0
ASV11466	0	0	0	5.24E-05	0	0
ASV11458	0	0	0	5.24E-05	0	0
ASV11504	0	0	0	5.24E-05	0	0
ASV12428	0	0	0	0	0	5.24E-05
ASV11489	0	0	0	5.24E-05	0	0
ASV11484	0	0	0	5.24E-05	0	0
ASV12429	0	0	0	0	0	5.24E-05
ASV12424	0	0	0	0	0	5.24E-05
ASV9834	0	5.24E-05	0	0	0	0
ASV12418	0	0	0	0	0	5.24E-05
ASV12432	0	0	0	0	0	5.24E-05
ASV11487	0	0	0	5.24E-05	0	0
ASV9838	0	5.24E-05	0	0	0	0
ASV8689	0	0	5.24E-05	0	0	0
ASV12433	0	0	0	0	0	5.24E-05
ASV11506	0	0	0	5.24E-05	0	0
ASV8692	0	0	5.24E-05	0	0	0
ASV8708	0	0	5.24E-05	0	0	0
ASV8721	0	0	5.24E-05	0	0	0
ASV8690	0	0	5.24E-05	0	0	0
ASV9846	0	5.24E-05	0	0	0	0
ASV9837	0	5.24E-05	0	0	0	0
ASV9382	5.24E-05	0	0	0	0	0
ASV12431	0	0	0	0	0	5.24E-05
ASV9373	5.24E-05	0	0	0	0	0
ASV11462	0	0	0	5.24E-05	0	0
ASV11473	0	0	0	5.24E-05	0	0
ASV9830	0	5.24E-05	0	0	0	0
ASV11486	0	0	0	5.24E-05	0	0
ASV11464	0	0	0	5.24E-05	0	0
ASV11502	0	0	0	5.24E-05	0	0
ASV12436	0	0	0	0	0	5.24E-05
ASV11508	0	0	0	5.24E-05	0	0
ASV9402	5.24E-05	0	0	0	0	0
ASV8704	0	0	5.24E-05	0	0	0
ASV11493	0	0	0	5.24E-05	0	0
ASV8686	0	0	5.24E-05	0	0	0
ASV9852	0	5.24E-05	0	0	0	0
ASV11478	0	0	0	5.24E-05	0	0
ASV12434	0	0	0	0	0	5.24E-05
ASV11496	0	0	0	5.24E-05	0	0
ASV9387	5.24E-05	0	0	0	0	0
ASV9401	5.24E-05	0	0	0	0	0
ASV11524	0	0	0	5.24E-05	0	0
ASV8726	0	0	5.24E-05	0	0	0
ASV9872	0	5.24E-05	0	0	0	0
ASV9886	0	5.24E-05	0	0	0	0
ASV12470	0	0	0	0	0	5.24E-05
ASV8744	0	0	5.24E-05	0	0	0
ASV9883	0	5.24E-05	0	0	0	0
ASV12466	0	0	0	0	0	5.24E-05
ASV9893	0	5.24E-05	0	0	0	0
ASV11522	0	0	0	5.24E-05	0	0
ASV11552	0	0	0	5.24E-05	0	0
ASV11551	0	0	0	5.24E-05	0	0
ASV8741	0	0	5.24E-05	0	0	0
ASV9874	0	5.24E-05	0	0	0	0
ASV8742	0	0	5.24E-05	0	0	0
ASV9897	0	5.24E-05	0	0	0	0
ASV9858	0	5.24E-05	0	0	0	0
ASV9482	5.24E-05	0	0	0	0	0
ASV12471	0	0	0	0	0	5.24E-05
ASV9885	0	5.24E-05	0	0	0	0
ASV11561	0	0	0	5.24E-05	0	0
ASV9899	0	5.24E-05	0	0	0	0
ASV8750	0	0	5.24E-05	0	0	0
ASV9448	5.24E-05	0	0	0	0	0
ASV9444	5.24E-05	0	0	0	0	0
ASV9869	0	5.24E-05	0	0	0	0
ASV11533	0	0	0	5.24E-05	0	0
ASV12454	0	0	0	0	0	5.24E-05
ASV9430	5.24E-05	0	0	0	0	0
ASV9879	0	5.24E-05	0	0	0	0
ASV11526	0	0	0	5.24E-05	0	0
ASV9499	5.24E-05	0	0	0	0	0
ASV9878	0	5.24E-05	0	0	0	0
ASV11560	0	0	0	5.24E-05	0	0
ASV12452	0	0	0	0	0	5.24E-05
ASV9498	5.24E-05	0	0	0	0	0
ASV8760	0	0	5.24E-05	0	0	0
ASV12453	0	0	0	0	0	5.24E-05
ASV8734	0	0	5.24E-05	0	0	0
ASV8725	0	0	5.24E-05	0	0	0
ASV11548	0	0	0	5.24E-05	0	0
ASV9889	0	5.24E-05	0	0	0	0
ASV11557	0	0	0	5.24E-05	0	0
ASV8754	0	0	5.24E-05	0	0	0
ASV11521	0	0	0	5.24E-05	0	0
ASV8745	0	0	5.24E-05	0	0	0
ASV12458	0	0	0	0	0	5.24E-05
ASV8773	0	0	5.24E-05	0	0	0
ASV12446	0	0	0	0	0	5.24E-05
ASV9887	0	5.24E-05	0	0	0	0
ASV11516	0	0	0	5.24E-05	0	0
ASV11541	0	0	0	5.24E-05	0	0
ASV9890	0	5.24E-05	0	0	0	0
ASV9486	5.24E-05	0	0	0	0	0
ASV9442	5.24E-05	0	0	0	0	0
ASV9439	5.24E-05	0	0	0	0	0
ASV8727	0	0	5.24E-05	0	0	0
ASV12438	0	0	0	0	0	5.24E-05
ASV8739	0	0	5.24E-05	0	0	0
ASV11519	0	0	0	5.24E-05	0	0
ASV11513	0	0	0	5.24E-05	0	0
ASV9882	0	5.24E-05	0	0	0	0
ASV9500	5.24E-05	0	0	0	0	0
ASV11562	0	0	0	5.24E-05	0	0
ASV9484	5.24E-05	0	0	0	0	0
ASV9492	5.24E-05	0	0	0	0	0
ASV9440	5.24E-05	0	0	0	0	0
ASV9461	5.24E-05	0	0	0	0	0
ASV9466	5.24E-05	0	0	0	0	0
ASV9465	5.24E-05	0	0	0	0	0
ASV11528	0	0	0	5.24E-05	0	0
ASV9865	0	5.24E-05	0	0	0	0
ASV9860	0	5.24E-05	0	0	0	0
ASV12443	0	0	0	0	0	5.24E-05
ASV8761	0	0	5.24E-05	0	0	0
ASV12456	0	0	0	0	0	5.24E-05
ASV11512	0	0	0	5.24E-05	0	0
ASV9490	5.24E-05	0	0	0	0	0
ASV8763	0	0	5.24E-05	0	0	0
ASV9894	0	5.24E-05	0	0	0	0
ASV8728	0	0	5.24E-05	0	0	0
ASV8733	0	0	5.24E-05	0	0	0
ASV11523	0	0	0	5.24E-05	0	0
ASV8735	0	0	5.24E-05	0	0	0
ASV9485	5.24E-05	0	0	0	0	0
ASV11563	0	0	0	5.24E-05	0	0
ASV12457	0	0	0	0	0	5.24E-05
ASV9481	5.24E-05	0	0	0	0	0
ASV9475	5.24E-05	0	0	0	0	0
ASV11525	0	0	0	5.24E-05	0	0
ASV11535	0	0	0	5.24E-05	0	0
ASV11544	0	0	0	5.24E-05	0	0
ASV9871	0	5.24E-05	0	0	0	0
ASV8740	0	0	5.24E-05	0	0	0
ASV11514	0	0	0	5.24E-05	0	0
ASV9454	5.24E-05	0	0	0	0	0
ASV11556	0	0	0	5.24E-05	0	0
ASV9450	5.24E-05	0	0	0	0	0
ASV9441	5.24E-05	0	0	0	0	0
ASV11534	0	0	0	5.24E-05	0	0
ASV11542	0	0	0	5.24E-05	0	0
ASV8756	0	0	5.24E-05	0	0	0
ASV9433	5.24E-05	0	0	0	0	0
ASV11611	0	0	0	5.24E-05	0	0
ASV11616	0	0	0	5.24E-05	0	0
ASV9555	5.24E-05	0	0	0	0	0
ASV11603	0	0	0	5.24E-05	0	0
ASV9939	0	5.24E-05	0	0	0	0
ASV8487	0	0	0	0	5.24E-05	0
ASV8483	0	0	0	0	5.24E-05	0
ASV9574	5.24E-05	0	0	0	0	0
ASV9564	5.24E-05	0	0	0	0	0
ASV9941	0	5.24E-05	0	0	0	0
ASV9505	5.24E-05	0	0	0	0	0
ASV9514	5.24E-05	0	0	0	0	0
ASV8453	0	0	0	0	5.24E-05	0
ASV9569	5.24E-05	0	0	0	0	0
ASV9513	5.24E-05	0	0	0	0	0
ASV9521	5.24E-05	0	0	0	0	0
ASV8814	0	0	5.24E-05	0	0	0
ASV9573	5.24E-05	0	0	0	0	0
ASV11624	0	0	0	5.24E-05	0	0
ASV8822	0	0	5.24E-05	0	0	0
ASV12487	0	0	0	0	0	5.24E-05
ASV8445	0	0	0	0	5.24E-05	0
ASV9954	0	5.24E-05	0	0	0	0
ASV8796	0	0	5.24E-05	0	0	0
ASV8789	0	0	5.24E-05	0	0	0
ASV9567	5.24E-05	0	0	0	0	0
ASV9510	5.24E-05	0	0	0	0	0
ASV11586	0	0	0	5.24E-05	0	0
ASV9535	5.24E-05	0	0	0	0	0
ASV9529	5.24E-05	0	0	0	0	0
ASV8472	0	0	0	0	5.24E-05	0
ASV8471	0	0	0	0	5.24E-05	0
ASV12494	0	0	0	0	0	5.24E-05
ASV8484	0	0	0	0	5.24E-05	0
ASV9950	0	5.24E-05	0	0	0	0
ASV9550	5.24E-05	0	0	0	0	0
ASV8486	0	0	0	0	5.24E-05	0
ASV8833	0	0	5.24E-05	0	0	0
ASV8848	0	0	5.24E-05	0	0	0
ASV9925	0	5.24E-05	0	0	0	0
ASV9560	5.24E-05	0	0	0	0	0
ASV9541	5.24E-05	0	0	0	0	0
ASV9536	5.24E-05	0	0	0	0	0
ASV8785	0	0	5.24E-05	0	0	0
ASV8807	0	0	5.24E-05	0	0	0
ASV8463	0	0	0	0	5.24E-05	0
ASV9508	5.24E-05	0	0	0	0	0
ASV9904	0	5.24E-05	0	0	0	0
ASV11568	0	0	0	5.24E-05	0	0
ASV8835	0	0	5.24E-05	0	0	0
ASV9552	5.24E-05	0	0	0	0	0
ASV11622	0	0	0	5.24E-05	0	0
ASV9916	0	5.24E-05	0	0	0	0
ASV9561	5.24E-05	0	0	0	0	0
ASV8832	0	0	5.24E-05	0	0	0
ASV11602	0	0	0	5.24E-05	0	0
ASV9924	0	5.24E-05	0	0	0	0
ASV8800	0	0	5.24E-05	0	0	0
ASV9575	5.24E-05	0	0	0	0	0
ASV8779	0	0	5.24E-05	0	0	0
ASV9532	5.24E-05	0	0	0	0	0
ASV11633	0	0	0	5.24E-05	0	0
ASV8451	0	0	0	0	5.24E-05	0
ASV8459	0	0	0	0	5.24E-05	0
ASV12486	0	0	0	0	0	5.24E-05
ASV9504	5.24E-05	0	0	0	0	0
ASV9526	5.24E-05	0	0	0	0	0
ASV8795	0	0	5.24E-05	0	0	0
ASV8485	0	0	0	0	5.24E-05	0
ASV9931	0	5.24E-05	0	0	0	0
ASV9940	0	5.24E-05	0	0	0	0
ASV8469	0	0	0	0	5.24E-05	0
ASV8798	0	0	5.24E-05	0	0	0
ASV11632	0	0	0	5.24E-05	0	0
ASV12481	0	0	0	0	0	5.24E-05
ASV8456	0	0	0	0	5.24E-05	0
ASV9942	0	5.24E-05	0	0	0	0
ASV8478	0	0	0	0	5.24E-05	0
ASV9923	0	5.24E-05	0	0	0	0
ASV8481	0	0	0	0	5.24E-05	0
ASV8840	0	0	5.24E-05	0	0	0
ASV8480	0	0	0	0	5.24E-05	0
ASV12502	0	0	0	0	0	5.24E-05
ASV9957	0	5.24E-05	0	0	0	0
ASV9522	5.24E-05	0	0	0	0	0
ASV11630	0	0	0	5.24E-05	0	0
ASV8470	0	0	0	0	5.24E-05	0
ASV9539	5.24E-05	0	0	0	0	0
ASV9540	5.24E-05	0	0	0	0	0
ASV9562	5.24E-05	0	0	0	0	0
ASV9531	5.24E-05	0	0	0	0	0
ASV9506	5.24E-05	0	0	0	0	0
ASV8462	0	0	0	0	5.24E-05	0
ASV11615	0	0	0	5.24E-05	0	0
ASV9571	5.24E-05	0	0	0	0	0
ASV9955	0	5.24E-05	0	0	0	0
ASV8458	0	0	0	0	5.24E-05	0
ASV8460	0	0	0	0	5.24E-05	0
ASV9568	5.24E-05	0	0	0	0	0
ASV8454	0	0	0	0	5.24E-05	0
ASV11600	0	0	0	5.24E-05	0	0
ASV11614	0	0	0	5.24E-05	0	0
ASV8464	0	0	0	0	5.24E-05	0
ASV8468	0	0	0	0	5.24E-05	0
ASV8476	0	0	0	0	5.24E-05	0
ASV8839	0	0	5.24E-05	0	0	0
ASV9544	5.24E-05	0	0	0	0	0
ASV8808	0	0	5.24E-05	0	0	0
ASV8805	0	0	5.24E-05	0	0	0
ASV12499	0	0	0	0	0	5.24E-05
ASV8446	0	0	0	0	5.24E-05	0
ASV8824	0	0	5.24E-05	0	0	0
ASV12479	0	0	0	0	0	5.24E-05
ASV8777	0	0	5.24E-05	0	0	0
ASV8457	0	0	0	0	5.24E-05	0
ASV8821	0	0	5.24E-05	0	0	0
ASV9534	5.24E-05	0	0	0	0	0
ASV8817	0	0	5.24E-05	0	0	0
ASV8786	0	0	5.24E-05	0	0	0
ASV11599	0	0	0	5.24E-05	0	0
ASV9507	5.24E-05	0	0	0	0	0
ASV9918	0	5.24E-05	0	0	0	0
ASV11579	0	0	0	5.24E-05	0	0
ASV8461	0	0	0	0	5.24E-05	0
ASV8780	0	0	5.24E-05	0	0	0
ASV9906	0	5.24E-05	0	0	0	0
ASV9933	0	5.24E-05	0	0	0	0
ASV8443	0	0	0	0	5.24E-05	0
ASV9921	0	5.24E-05	0	0	0	0
ASV8482	0	0	0	0	5.24E-05	0
ASV8474	0	0	0	0	5.24E-05	0
ASV9951	0	5.24E-05	0	0	0	0
ASV9518	5.24E-05	0	0	0	0	0
ASV11597	0	0	0	5.24E-05	0	0
ASV8838	0	0	5.24E-05	0	0	0
ASV9543	5.24E-05	0	0	0	0	0
ASV11594	0	0	0	5.24E-05	0	0
ASV8444	0	0	0	0	5.24E-05	0
ASV11593	0	0	0	5.24E-05	0	0
ASV9519	5.24E-05	0	0	0	0	0
ASV8455	0	0	0	0	5.24E-05	0
ASV9503	5.24E-05	0	0	0	0	0
ASV9563	5.24E-05	0	0	0	0	0
ASV11598	0	0	0	5.24E-05	0	0
ASV9551	5.24E-05	0	0	0	0	0
ASV8452	0	0	0	0	5.24E-05	0
ASV11627	0	0	0	5.24E-05	0	0
ASV8854	0	0	5.24E-05	0	0	0
ASV11573	0	0	0	5.24E-05	0	0
ASV9509	5.24E-05	0	0	0	0	0
ASV9565	5.24E-05	0	0	0	0	0
ASV8449	0	0	0	0	5.24E-05	0
ASV8475	0	0	0	0	5.24E-05	0
ASV9572	5.24E-05	0	0	0	0	0
ASV9956	0	5.24E-05	0	0	0	0
ASV8447	0	0	0	0	5.24E-05	0
ASV11572	0	0	0	5.24E-05	0	0
ASV9524	5.24E-05	0	0	0	0	0
ASV9907	0	5.24E-05	0	0	0	0
ASV9570	5.24E-05	0	0	0	0	0
ASV9558	5.24E-05	0	0	0	0	0
ASV8450	0	0	0	0	5.24E-05	0
ASV11618	0	0	0	5.24E-05	0	0
ASV9537	5.24E-05	0	0	0	0	0
ASV11581	0	0	0	5.24E-05	0	0
ASV11583	0	0	0	5.24E-05	0	0
ASV9530	5.24E-05	0	0	0	0	0
ASV8448	0	0	0	0	5.24E-05	0
ASV9549	5.24E-05	0	0	0	0	0
ASV9548	5.24E-05	0	0	0	0	0
ASV8473	0	0	0	0	5.24E-05	0
ASV9533	5.24E-05	0	0	0	0	0
ASV8465	0	0	0	0	5.24E-05	0
ASV9556	5.24E-05	0	0	0	0	0
ASV8479	0	0	0	0	5.24E-05	0
ASV8823	0	0	5.24E-05	0	0	0
ASV9546	5.24E-05	0	0	0	0	0
ASV8850	0	0	5.24E-05	0	0	0
ASV12508	0	0	0	0	0	5.24E-05
ASV8813	0	0	5.24E-05	0	0	0
ASV9912	0	5.24E-05	0	0	0	0
ASV9528	5.24E-05	0	0	0	0	0
ASV9946	0	5.24E-05	0	0	0	0
ASV8467	0	0	0	0	5.24E-05	0
ASV9953	0	5.24E-05	0	0	0	0
ASV1906	0	0	2.62E-05	0	0	0
ASV124	0	0	0	0	0	2.62E-05
ASV1789	0	0	0	2.62E-05	0	0
ASV3847	0	0	0	2.62E-05	0	0
ASV303	0	0	0	2.62E-05	0	0
ASV5120	0	0	0	2.62E-05	0	0
ASV3029	0	0	0	2.62E-05	0	0
ASV6900	0	0	0	0	0	2.62E-05
ASV11465	0	0	0	2.62E-05	0	0
ASV3850	0	0	0	2.62E-05	0	0
ASV7474	0	0	0	2.62E-05	0	0
ASV243	0	0	2.62E-05	0	0	0
ASV5996	0	2.62E-05	0	0	0	0
ASV2370	0	0	0	2.62E-05	0	0
ASV4095	0	0	0	2.62E-05	0	0
ASV10491	0	0	0	0	0	2.62E-05
ASV5053	0	0	0	2.62E-05	0	0
ASV1316	0	2.62E-05	0	0	0	0
ASV5119	0	2.62E-05	0	0	0	0
ASV11503	0	0	0	2.62E-05	0	0
ASV10260	0	0	0	2.62E-05	0	0
ASV4936	0	0	0	2.62E-05	0	0
ASV2854	0	0	0	2.62E-05	0	0
ASV5210	0	0	0	2.62E-05	0	0
ASV7800	0	0	0	0	0	2.62E-05
ASV5198	0	0	2.62E-05	0	0	0
ASV5238	0	0	2.62E-05	0	0	0
ASV11338	0	0	0	2.62E-05	0	0
ASV11547	0	0	0	2.62E-05	0	0
ASV6381	0	0	0	2.62E-05	0	0
ASV7349	0	0	0	2.62E-05	0	0
ASV11575	0	0	0	2.62E-05	0	0
ASV8986	0	2.62E-05	0	0	0	0
ASV7115	0	0	0	2.62E-05	0	0
ASV12389	0	0	0	0	0	2.62E-05
ASV12385	0	0	0	0	0	2.62E-05
ASV968	0	0	0	2.62E-05	0	0
ASV12386	0	0	0	0	0	2.62E-05
ASV8638	0	0	2.62E-05	0	0	0
ASV8085	0	0	0	2.62E-05	0	0
ASV11546	0	0	0	2.62E-05	0	0
ASV12406	0	0	0	0	0	2.62E-05
ASV11456	0	0	0	2.62E-05	0	0
ASV8842	0	0	2.62E-05	0	0	0
ASV8815	0	0	2.62E-05	0	0	0
ASV12414	0	0	0	0	0	2.62E-05
ASV8675	0	0	2.62E-05	0	0	0
ASV12403	0	0	0	0	0	2.62E-05
ASV12409	0	0	0	0	0	2.62E-05
ASV8651	0	0	2.62E-05	0	0	0
ASV11499	0	0	0	2.62E-05	0	0
ASV11469	0	0	0	2.62E-05	0	0
ASV8826	0	0	2.62E-05	0	0	0
ASV12435	0	0	0	0	0	2.62E-05
ASV9833	0	2.62E-05	0	0	0	0
ASV12425	0	0	0	0	0	2.62E-05
ASV11460	0	0	0	2.62E-05	0	0
ASV12427	0	0	0	0	0	2.62E-05
ASV8712	0	0	2.62E-05	0	0	0
ASV11501	0	0	0	2.62E-05	0	0
ASV8705	0	0	2.62E-05	0	0	0
ASV9850	0	2.62E-05	0	0	0	0
ASV11479	0	0	0	2.62E-05	0	0
ASV12423	0	0	0	0	0	2.62E-05
ASV9840	0	2.62E-05	0	0	0	0
ASV11476	0	0	0	2.62E-05	0	0
ASV9425	2.62E-05	0	0	0	0	0
ASV8082	0	0	0	2.62E-05	0	0
ASV8703	0	0	2.62E-05	0	0	0
ASV8707	0	0	2.62E-05	0	0	0
ASV9900	0	2.62E-05	0	0	0	0
ASV12451	0	0	0	0	0	2.62E-05
ASV12450	0	0	0	0	0	2.62E-05
ASV8732	0	0	2.62E-05	0	0	0
ASV12463	0	0	0	0	0	2.62E-05
ASV12439	0	0	0	0	0	2.62E-05
ASV9870	0	2.62E-05	0	0	0	0
ASV9864	0	2.62E-05	0	0	0	0
ASV8743	0	0	2.62E-05	0	0	0
ASV12441	0	0	0	0	0	2.62E-05
ASV12473	0	0	0	0	0	2.62E-05
ASV8762	0	0	2.62E-05	0	0	0
ASV11539	0	0	0	2.62E-05	0	0
ASV8749	0	0	2.62E-05	0	0	0
ASV8729	0	0	2.62E-05	0	0	0
ASV12445	0	0	0	0	0	2.62E-05
ASV11532	0	0	0	2.62E-05	0	0
ASV8731	0	0	2.62E-05	0	0	0
ASV12448	0	0	0	0	0	2.62E-05
ASV11529	0	0	0	2.62E-05	0	0
ASV9891	0	2.62E-05	0	0	0	0
ASV12469	0	0	0	0	0	2.62E-05
ASV12464	0	0	0	0	0	2.62E-05
ASV12447	0	0	0	0	0	2.62E-05
ASV9491	2.62E-05	0	0	0	0	0
ASV9445	2.62E-05	0	0	0	0	0
ASV8753	0	0	2.62E-05	0	0	0
ASV12472	0	0	0	0	0	2.62E-05
ASV8748	0	0	2.62E-05	0	0	0
ASV11537	0	0	0	2.62E-05	0	0
ASV8730	0	0	2.62E-05	0	0	0
ASV8746	0	0	2.62E-05	0	0	0
ASV9457	2.62E-05	0	0	0	0	0
ASV11558	0	0	0	2.62E-05	0	0
ASV9901	0	2.62E-05	0	0	0	0
ASV11564	0	0	0	2.62E-05	0	0
ASV12440	0	0	0	0	0	2.62E-05
ASV12442	0	0	0	0	0	2.62E-05
ASV9876	0	2.62E-05	0	0	0	0
ASV12467	0	0	0	0	0	2.62E-05
ASV9877	0	2.62E-05	0	0	0	0
ASV9875	0	2.62E-05	0	0	0	0
ASV11518	0	0	0	2.62E-05	0	0
ASV8768	0	0	2.62E-05	0	0	0
ASV12465	0	0	0	0	0	2.62E-05
ASV11517	0	0	0	2.62E-05	0	0
ASV11554	0	0	0	2.62E-05	0	0
ASV12455	0	0	0	0	0	2.62E-05
ASV9462	2.62E-05	0	0	0	0	0
ASV12501	0	0	0	0	0	2.62E-05
ASV8829	0	0	2.62E-05	0	0	0
ASV9566	2.62E-05	0	0	0	0	0
ASV11595	0	0	0	2.62E-05	0	0
ASV12475	0	0	0	0	0	2.62E-05
ASV9502	2.62E-05	0	0	0	0	0
ASV11621	0	0	0	2.62E-05	0	0
ASV9554	2.62E-05	0	0	0	0	0
ASV9909	0	2.62E-05	0	0	0	0
ASV11612	0	0	0	2.62E-05	0	0
ASV9958	0	2.62E-05	0	0	0	0
ASV8792	0	0	2.62E-05	0	0	0
ASV9948	0	2.62E-05	0	0	0	0
ASV9553	2.62E-05	0	0	0	0	0
ASV9935	0	2.62E-05	0	0	0	0
ASV12482	0	0	0	0	0	2.62E-05
ASV9525	2.62E-05	0	0	0	0	0
ASV9542	2.62E-05	0	0	0	0	0
ASV12505	0	0	0	0	0	2.62E-05
ASV8776	0	0	2.62E-05	0	0	0
ASV9512	2.62E-05	0	0	0	0	0
ASV9547	2.62E-05	0	0	0	0	0
ASV11617	0	0	0	2.62E-05	0	0
ASV12490	0	0	0	0	0	2.62E-05
ASV8849	0	0	2.62E-05	0	0	0
ASV8781	0	0	2.62E-05	0	0	0
ASV11590	0	0	0	2.62E-05	0	0
ASV8830	0	0	2.62E-05	0	0	0
ASV9929	0	2.62E-05	0	0	0	0
ASV11580	0	0	0	2.62E-05	0	0
ASV12483	0	0	0	0	0	2.62E-05
ASV8852	0	0	2.62E-05	0	0	0
ASV11609	0	0	0	2.62E-05	0	0
ASV11589	0	0	0	2.62E-05	0	0
ASV9516	2.62E-05	0	0	0	0	0
ASV12485	0	0	0	0	0	2.62E-05
ASV11592	0	0	0	2.62E-05	0	0
ASV8797	0	0	2.62E-05	0	0	0
ASV8790	0	0	2.62E-05	0	0	0
ASV9928	0	2.62E-05	0	0	0	0
ASV8806	0	0	2.62E-05	0	0	0
ASV8844	0	0	2.62E-05	0	0	0
ASV9545	2.62E-05	0	0	0	0	0
ASV11584	0	0	0	2.62E-05	0	0
ASV11577	0	0	0	2.62E-05	0	0
ASV9911	0	2.62E-05	0	0	0	0
ASV12498	0	0	0	0	0	2.62E-05
ASV9517	2.62E-05	0	0	0	0	0
ASV8809	0	0	2.62E-05	0	0	0
ASV11623	0	0	0	2.62E-05	0	0
ASV9944	0	2.62E-05	0	0	0	0
ASV9952	0	2.62E-05	0	0	0	0
ASV11576	0	0	0	2.62E-05	0	0
ASV9938	0	2.62E-05	0	0	0	0
ASV9934	0	2.62E-05	0	0	0	0
ASV12492	0	0	0	0	0	2.62E-05
ASV9932	0	2.62E-05	0	0	0	0
ASV8784	0	0	2.62E-05	0	0	0
ASV8803	0	0	2.62E-05	0	0	0
ASV9905	0	2.62E-05	0	0	0	0
ASV9937	0	2.62E-05	0	0	0	0
ASV8825	0	0	2.62E-05	0	0	0
ASV11571	0	0	0	2.62E-05	0	0
ASV11582	0	0	0	2.62E-05	0	0
ASV11567	0	0	0	2.62E-05	0	0
ASV12497	0	0	0	0	0	2.62E-05
ASV12491	0	0	0	0	0	2.62E-05
ASV9915	0	2.62E-05	0	0	0	0
ASV11585	0	0	0	2.62E-05	0	0
ASV8843	0	0	2.62E-05	0	0	0
ASV12504	0	0	0	0	0	2.62E-05
ASV12488	0	0	0	0	0	2.62E-05
ASV11634	0	0	0	2.62E-05	0	0
ASV8827	0	0	2.62E-05	0	0	0
ASV9920	0	2.62E-05	0	0	0	0
ASV9523	2.62E-05	0	0	0	0	0
ASV11591	0	0	0	2.62E-05	0	0
ASV8811	0	0	2.62E-05	0	0	0
ASV11578	0	0	0	2.62E-05	0	0
ASV9557	2.62E-05	0	0	0	0	0
ASV12489	0	0	0	0	0	2.62E-05
ASV8836	0	0	2.62E-05	0	0	0
ASV9515	2.62E-05	0	0	0	0	0
ASV8841	0	0	2.62E-05	0	0	0
ASV11636	0	0	0	2.62E-05	0	0
ASV12495	0	0	0	0	0	2.62E-05
ASV9919	0	2.62E-05	0	0	0	0
ASV9910	0	2.62E-05	0	0	0	0
ASV12476	0	0	0	0	0	2.62E-05
ASV12503	0	0	0	0	0	2.62E-05
ASV9538	2.62E-05	0	0	0	0	0
ASV8828	0	0	2.62E-05	0	0	0
ASV11566	0	0	0	2.62E-05	0	0
ASV8788	0	0	2.62E-05	0	0	0
ASV11628	0	0	0	2.62E-05	0	0
ASV11601	0	0	0	2.62E-05	0	0
ASV9930	0	2.62E-05	0	0	0	0
ASV11587	0	0	0	2.62E-05	0	0
ASV9927	0	2.62E-05	0	0	0	0
ASV9949	0	2.62E-05	0	0	0	0
ASV8818	0	0	2.62E-05	0	0	0
ASV8778	0	0	2.62E-05	0	0	0
ASV8847	0	0	2.62E-05	0	0	0
ASV11608	0	0	0	2.62E-05	0	0
ASV9914	0	2.62E-05	0	0	0	0
ASV9908	0	2.62E-05	0	0	0	0
ASV8799	0	0	2.62E-05	0	0	0
ASV9527	2.62E-05	0	0	0	0	0
ASV11635	0	0	0	2.62E-05	0	0
ASV11620	0	0	0	2.62E-05	0	0
ASV9936	0	2.62E-05	0	0	0	0
ASV9947	0	2.62E-05	0	0	0	0
ASV12493	0	0	0	0	0	2.62E-05
ASV11570	0	0	0	2.62E-05	0	0
ASV8793	0	0	2.62E-05	0	0	0
ASV9511	2.62E-05	0	0	0	0	0
ASV11569	0	0	0	2.62E-05	0	0
ASV11596	0	0	0	2.62E-05	0	0
ASV9559	2.62E-05	0	0	0	0	0
ASV8857	0	0	2.62E-05	0	0	0
ASV8782	0	0	2.62E-05	0	0	0
ASV8853	0	0	2.62E-05	0	0	0
ASV8783	0	0	2.62E-05	0	0	0
ASV9917	0	2.62E-05	0	0	0	0
